0.000000 0.700166 156
0.700166 3.496145 2
3.496145 6.340589 5
6.340589 9.138594 7
9.138594 11.852371 57
11.852371 13.294965 2
13.294965 14.711383 0
14.711383 16.151020 7
16.151020 17.590657 9
17.590657 18.983854 2
18.983854 20.423492 0
20.423492 21.828299 7
21.828299 23.256326 9
23.256326 24.637913 23
24.637913 26.065941 19
26.065941 27.470748 23
27.470748 28.921995 19
28.921995 30.291972 2
30.291972 31.743219 7
31.743219 33.101587 2
33.101587 33.670476 5
33.670476 34.169705 5
34.169705 34.552834 7
34.552834 36.004081 2
36.004081 37.385668 0
37.385668 38.767256 7
38.767256 40.160453 9
40.160453 41.588480 2
41.588480 43.028117 0
43.028117 44.409705 7
44.409705 45.849342 9
45.849342 47.288979 23
47.288979 48.728616 19
48.728616 50.098594 23
50.098594 51.584671 19
51.584671 53.001088 2
53.001088 54.347845 7
54.347845 55.799092 2
55.799092 57.203900 2
57.203900 58.620317 21
58.620317 60.013514 2
60.013514 62.799909 7
62.799909 64.193106 23
64.193106 65.586303 4
65.586303 68.318677 9
68.318677 69.789115 2
69.789115 71.159092 0
71.159092 72.575510 7
72.575510 73.968707 9
73.968707 75.385124 2
75.385124 76.778321 0
76.778321 78.171519 7
78.171519 79.634376 9
79.634376 81.074013 23
81.074013 82.502040 19
82.502040 83.941678 23
83.941678 85.416145 19
85.416145 86.774512 2
86.774512 88.214149 7
88.214149 89.665396 2
89.665396 90.222675 5
90.222675 90.652244 5
90.652244 91.023764 7
91.023764 92.393741 2
92.393741 93.833378 0
93.833378 95.226575 7
95.226575 96.608163 9
96.608163 98.082630 2
98.082630 99.487437 0
99.487437 100.915464 7
100.915464 102.355102 9
102.355102 103.864399 23
103.864399 105.211156 19
105.211156 106.615963 23
106.615963 108.043990 19
108.043990 109.448798 2
109.448798 110.818775 7
110.818775 112.246802 2
112.246802 113.640000 2
113.640000 115.056417 21
115.056417 116.461224 2
116.461224 117.854421 7
117.854421 119.212789 7
119.212789 120.605986 23
120.605986 122.022403 4
122.022403 123.427210 9
123.427210 124.785578 9
124.785578 126.143945 2
126.143945 127.560362 0
127.560362 128.988390 7
128.988390 130.428027 9
130.428027 131.856054 2
131.856054 133.284081 0
133.284081 134.665668 7
134.665668 136.058866 9
136.058866 137.463673 23
137.463673 138.914920 19
138.914920 140.319727 23
140.319727 141.805804 19
141.805804 143.222222 2
143.222222 144.627029 7
144.627029 146.089886 2
146.089886 147.552743 5
147.552743 148.934331 2
148.934331 152.521576 2
152.521576 156.708571 156
