0.000000 0.382952 156
0.382952 3.738435 12
3.738435 4.516303 8
4.516303 7.604557 8
7.604557 9.427324 3
9.427324 11.145600 51
11.145600 14.675034 8
14.675034 16.370090 8
16.370090 18.146417 19
18.146417 21.699070 12
21.699070 23.428956 41
23.428956 25.251723 10
25.251723 28.955306 51
28.955306 30.731632 8
30.731632 32.484739 19
32.484739 36.060612 12
36.060612 37.848548 17
37.848548 39.764195 10
39.764195 43.363287 3
43.363287 46.471252 12
46.471252 47.299070 8
47.299070 50.422154 8
50.422154 52.314580 3
52.314580 54.218616 51
54.218616 57.724829 8
57.724829 59.501156 8
59.501156 61.381972 19
61.381972 64.992675 12
64.992675 66.827052 41
66.827052 68.638208 10
68.638208 72.214081 51
72.214081 74.036848 8
74.036848 75.882834 19
75.882834 79.539977 12
79.539977 81.397573 17
81.397573 83.266780 10
83.266780 86.923922 3
86.923922 88.735079 3
88.735079 90.581065 8
90.581065 92.322562 3
92.322562 93.181700 17
93.181700 94.110498 10
94.110498 95.910045 3
95.910045 97.709591 8
97.709591 99.497528 3
99.497528 100.379886 17
100.379886 101.250634 10
101.250634 104.488514 12
104.488514 105.348956 8
105.348956 108.413990 8
108.413990 110.271587 3
110.271587 112.036303 51
112.036303 115.612176 8
115.612176 117.446553 8
117.446553 119.222879 19
119.222879 122.845192 12
122.845192 124.702789 41
124.702789 126.571995 10
126.571995 130.310408 51
130.310408 132.156394 8
132.156394 133.967551 19
133.967551 137.694353 12
137.694353 139.493900 17
139.493900 141.374716 10
141.374716 145.055079 3
145.055079 146.877845 3
146.877845 148.630952 8
148.630952 150.476938 3
150.476938 151.359297 17
151.359297 152.253265 10
152.253265 154.006371 3
154.006371 155.829138 8
155.829138 157.617074 3
157.617074 158.487823 17
158.487823 159.358571 10
159.358571 162.551315 12
162.551315 163.398843 8
163.398843 166.510317 8
166.510317 168.333083 3
168.333083 170.237120 51
170.237120 173.859433 8
173.859433 175.682199 8
175.682199 177.539795 19
177.539795 181.220158 12
181.220158 183.019705 41
183.019705 184.912131 10
184.912131 188.429954 51
188.429954 190.368820 8
190.368820 192.063877 19
192.063877 195.802290 12
195.802290 197.671496 17
197.671496 199.494263 10
199.494263 202.768276 3
202.768276 203.592585 8
203.592585 206.936258 8
206.936258 215.870169 3
215.870169 217.887347 156
