0.000000 0.424331 156
0.424331 2.072947 7
2.072947 3.963556 23
3.963556 6.809818 10
6.809818 7.668956 117
7.668956 8.388775 21
8.388775 10.107052 2
10.107052 11.569909 7
11.569909 13.079206 45
13.079206 14.565283 7
14.565283 16.064846 0
16.064846 17.500917 7
17.500917 18.936988 45
18.936988 20.323832 7
20.323832 21.809909 0
21.809909 23.284376 18
23.284376 24.689183 59
24.689183 26.128820 18
26.128820 27.553413 59
27.553413 29.031315 16
29.031315 30.521292 21
30.521292 31.957363 45
31.957363 33.350226 50
33.350226 34.925243 7
34.925243 36.264331 45
36.264331 37.692358 7
37.692358 39.156865 0
39.156865 40.583242 7
40.583242 42.034489 45
42.034489 43.520566 7
43.520566 44.948594 0
44.948594 46.388231 18
46.388231 47.804648 59
47.804648 49.267505 18
49.267505 50.718752 59
50.718752 52.135170 16
52.135170 53.598027 21
53.598027 55.060884 45
55.060884 55.815287 2
55.815287 56.488911 5
56.488911 57.940158 10
57.940158 59.437845 19
59.437845 60.854263 12
60.854263 62.259070 50
62.259070 65.115124 19
65.115124 66.566371 12
66.566371 67.994399 2
67.994399 69.445646 7
69.445646 70.908503 45
70.908503 72.371360 7
72.371360 73.787777 0
73.787777 75.204195 7
75.204195 76.643832 45
76.643832 78.106689 7
78.106689 79.577472 0
79.577472 80.951133 18
80.951133 82.390770 59
82.390770 83.830408 18
83.830408 85.293265 11
85.293265 86.732902 16
86.732902 88.218979 21
88.218979 89.670226 45
89.670226 90.355215 2
90.355215 91.086643 5
91.086643 92.526281 10
92.526281 94.014771 19
94.014771 95.475215 12
95.475215 96.903242 50
96.903242 99.805736 19
99.805736 101.222154 12
101.222154 102.638571 50
102.638571 104.101428 7
104.101428 105.552675 45
105.552675 107.027142 7
107.027142 108.501609 0
108.501609 109.964467 7
109.964467 111.404104 45
111.404104 112.890181 7
112.890181 114.329818 0
114.329818 115.792675 18
115.792675 117.232312 59
117.232312 118.671950 18
118.671950 120.181247 59
120.181247 121.586054 16
121.586054 123.048911 21
123.048911 124.534988 45
124.534988 125.219977 50
125.219977 125.939795 2
125.939795 127.425873 7
127.425873 128.807460 45
128.807460 130.328367 7
130.328367 131.791224 0
131.791224 133.300521 7
133.300521 134.728548 45
134.728548 136.214625 7
136.214625 137.712312 0
137.712312 141.424256 7
141.424256 145.867755 156
