0.000000 0.432952 156
0.432952 1.950498 7
1.950498 3.471405 21
3.471405 5.038752 5
5.038752 6.582879 7
6.582879 8.080566 16
8.080566 9.647913 9
9.647913 11.250090 5
11.250090 12.875487 16
12.875487 14.419614 99
14.419614 15.998571 7
15.998571 17.519478 133
17.519478 19.005555 48
19.005555 20.642562 7
20.642562 22.244739 16
22.244739 23.777256 99
23.777256 25.286553 7
25.286553 26.888730 133
26.888730 28.398027 48
28.398027 29.942154 7
29.942154 31.486281 21
31.486281 33.053628 5
33.053628 34.586145 7
34.586145 36.118662 16
36.118662 37.662789 9
37.662789 39.230136 5
39.230136 40.762653 7
40.762653 42.306780 16
42.306780 43.839297 99
43.839297 45.360204 7
45.360204 46.927551 133
46.927551 48.460068 48
48.460068 50.004195 7
50.004195 51.606371 16
51.606371 53.127278 99
53.127278 54.729455 7
54.729455 56.238752 133
56.238752 57.782879 48
57.782879 59.350226 7
59.350226 60.871133 21
60.871133 62.450090 5
62.450090 64.029047 7
64.029047 65.549954 16
65.549954 67.094081 9
67.094081 68.649818 5
68.649818 70.263605 7
70.263605 71.877392 16
71.877392 73.456349 99
73.456349 75.058526 7
75.058526 76.649092 133
76.649092 78.216439 48
78.216439 79.772176 7
79.772176 81.351133 16
81.351133 82.941700 99
82.941700 84.601927 7
84.601927 86.238934 133
86.238934 87.713401 48
87.713401 89.245918 7
89.245918 90.848095 21
90.848095 92.450272 5
92.450272 93.994399 7
93.994399 95.608185 16
95.608185 97.175532 9
97.175532 98.766099 5
98.766099 100.368276 7
100.368276 102.005283 16
102.005283 103.595850 99
103.595850 105.186417 7
105.186417 106.811814 133
106.811814 108.344331 48
108.344331 109.958117 7
109.958117 111.583514 16
111.583514 113.208911 99
113.208911 114.857528 7
114.857528 116.471315 133
116.471315 118.015442 48
118.015442 119.640839 7
119.640839 121.219795 21
121.219795 122.798752 5
122.798752 124.377709 7
124.377709 125.956666 16
125.956666 127.512403 9
127.512403 129.102970 5
129.102970 130.670317 7
130.670317 132.168004 21
132.168004 133.793401 5
133.793401 135.337528 7
135.337528 136.939705 16
136.939705 138.495442 9
138.495442 140.097619 5
140.097619 141.664965 7
141.664965 143.185873 21
143.185873 144.788049 5
144.788049 146.343786 7
146.343786 147.922743 16
147.922743 149.490090 9
149.490090 151.057437 5
151.057437 154.762698 16
154.762698 181.890612 17
