0.000000 1.263742 156
1.263742 3.122845 5
3.122845 4.074863 3
4.074863 5.073321 7
5.073321 8.846564 0
8.846564 12.503707 16
12.503707 16.184070 48
16.184070 18.877585 5
18.877585 19.759943 0
19.759943 23.440306 2
23.440306 24.470647 7
24.470647 25.321122 115
25.321122 27.190328 7
27.190328 29.024705 21
29.024705 30.824251 104
30.824251 32.600578 0
32.600578 34.411734 50
34.411734 36.234501 5
36.234501 37.186519 3
37.186519 38.126927 7
38.126927 41.888560 0
41.888560 45.545702 16
45.545702 49.168015 48
49.168015 51.873140 5
51.873140 52.790328 0
52.790328 56.412641 2
56.412641 57.306609 7
57.306609 58.258628 115
58.258628 60.023344 7
60.023344 61.822891 21
61.822891 63.634047 104
63.634047 65.398764 0
65.398764 67.233140 50
67.233140 69.102346 5
69.102346 70.080257 3
70.080257 71.018490 7
71.018490 74.628696 9
74.628696 76.370192 9
76.370192 78.045663 13
78.045663 79.713866 18
79.713866 81.443752 9
81.443752 83.103979 2
83.103979 84.787426 7
84.787426 85.474936 9
85.474936 86.183398 9
86.183398 86.815269 9
86.815269 87.427993 9
87.427993 87.887535 9
87.887535 88.282029 9
88.282029 89.930646 9
89.930646 91.614092 13
91.614092 93.285929 18
93.285929 94.980986 9
94.980986 96.641213 2
96.641213 98.347879 7
98.347879 99.032868 0
99.032868 99.671417 0
99.671417 100.286746 0
100.286746 100.960124 0
100.960124 101.378083 0
101.378083 101.830873 0
101.830873 105.488015 0
105.488015 108.994229 16
108.994229 112.628151 48
112.628151 115.240396 5
115.240396 116.087925 0
116.087925 119.710238 2
119.710238 120.627426 7
120.627426 121.451734 115
121.451734 123.297721 7
123.297721 125.039217 21
125.039217 126.827154 104
126.827154 128.603480 0
128.603480 130.298537 50
130.298537 132.156133 5
132.156133 133.038492 3
133.038492 133.897630 7
133.897630 137.577993 0
137.577993 141.235136 16
141.235136 144.811009 48
144.811009 147.516133 5
147.516133 148.398492 0
148.398492 152.009195 2
152.009195 152.914773 7
152.914773 153.831908 115
153.831908 155.608287 7
155.608287 157.373004 21
157.373004 159.114501 104
159.114501 160.948877 0
160.948877 162.748424 50
162.748424 164.582800 5
164.582800 165.476768 3
165.476768 166.347517 7
166.347517 169.888560 9
169.888560 171.711326 5
171.711326 172.651734 3
172.651734 173.754682 7
173.754682 178.838689 0
178.838689 183.013878 156
