0.000000 0.439592 156
0.439592 1.108536 2
1.108536 2.841419 55
2.841419 4.606135 48
4.606135 6.599499 55
6.599499 6.812031 0
6.812031 7.102281 1
7.102281 8.158789 50
8.158789 15.298925 7
15.298925 18.956067 0
18.956067 22.589990 7
22.589990 24.401147 2
24.401147 26.189083 0
26.189083 28.202000 7
28.202000 28.461467 0
28.461467 28.800769 1
28.800769 29.788176 2
29.788176 37.079242 7
37.079242 40.713165 0
40.713165 44.370308 7
44.370308 46.169854 2
46.169854 47.981011 0
47.981011 50.094027 7
50.094027 50.268176 0
50.268176 50.593256 1
50.593256 51.614934 50
51.614934 58.882779 7
58.882779 62.493482 0
62.493482 66.150625 7
66.150625 68.019832 2
68.019832 69.830988 0
69.830988 71.632681 7
71.632681 73.499741 2
73.499741 80.802417 7
80.802417 84.447950 0
84.447950 88.105092 7
88.105092 89.904639 2
89.904639 91.750625 0
91.750625 93.567570 7
93.567570 95.419378 50
95.419378 102.768494 7
102.768494 106.460467 0
106.460467 110.129219 7
110.129219 111.986816 2
111.986816 113.786362 0
113.786362 115.642172 7
115.642172 115.921597 2
115.921597 116.154798 0
116.154798 116.421827 1
116.421827 117.358642 2
117.358642 124.723496 7
124.723496 128.426544 0
128.426544 132.106906 7
132.106906 133.918063 2
133.918063 135.729219 0
135.729219 137.577061 7
137.577061 137.868975 2
137.868975 138.088131 0
138.088131 138.364684 1
138.364684 139.397972 2
139.397972 144.682448 7
144.682448 153.469388 156
