0.000000 0.612724 156
0.612724 4.806050 21
4.806050 6.820811 21
6.820811 8.903639 29
8.903639 10.937548 9
10.937548 12.851927 14
12.851927 14.848843 55
14.848843 15.824081 0
15.824081 16.810929 0
16.810929 18.783807 57
18.783807 20.769931 50
20.769931 22.778458 55
22.778458 24.845034 0
24.845034 26.946439 4
26.946439 28.978185 21
28.978185 31.056371 29
31.056371 33.111337 9
33.111337 35.177913 14
35.177913 37.244489 55
37.244489 38.219727 0
38.219727 39.218185 0
39.218185 41.319591 57
41.319591 43.339727 50
43.339727 45.371473 55
45.371473 47.449659 0
47.449659 50.572743 4
50.572743 52.650929 21
52.650929 54.740725 29
54.740725 56.749251 14
56.749251 58.734557 -1
58.734557 60.812743 0
60.812743 62.821269 4
62.821269 64.853015 21
64.853015 66.907981 29
66.907981 68.962947 9
68.962947 70.994693 14
70.994693 72.991609 55
72.991609 74.059727 0
74.059727 75.023356 0
75.023356 77.089931 9
77.089931 79.075238 50
79.075238 81.118594 55
81.118594 83.161950 0
83.161950 85.240136 9
85.240136 87.260272 50
87.260272 89.268798 55
89.268798 91.346984 0
91.346984 94.458458 4
94.458458 96.559863 21
96.559863 98.556780 29
98.556780 100.582402 14
100.582402 102.585442 -1
102.585442 104.605578 0
104.605578 106.672154 4
106.672154 108.680680 21
108.680680 110.700816 29
110.700816 112.755782 9
112.755782 114.787528 14
114.787528 116.842494 55
116.842494 117.806122 0
117.806122 118.827800 0
118.827800 120.871156 9
120.871156 122.856462 50
122.856462 124.934648 55
124.934648 126.943174 0
126.943174 128.986530 9
128.986530 131.029886 50
131.029886 133.061632 55
133.061632 135.093378 0
135.093378 137.171564 9
137.171564 139.168480 50
139.168480 141.223446 55
141.223446 145.200598 0
145.200598 149.603265 156
