0.000000 3.369980 156
3.369980 4.385034 9
4.385034 6.184580 2
6.184580 7.949297 55
7.949297 9.760453 52
9.760453 13.440816 57
13.440816 15.251972 2
15.251972 17.175407 55
17.175407 20.824761 2
20.824761 24.574784 55
24.574784 28.313197 2
28.313197 30.170793 9
30.170793 32.074829 55
32.074829 33.978866 2
33.978866 35.813242 9
35.813242 37.705668 2
37.705668 39.540045 55
39.540045 43.266848 2
43.266848 47.040090 55
47.040090 50.766893 2
50.766893 52.612879 9
52.612879 54.470476 55
54.470476 56.715224 2
56.715224 58.255328 9
58.255328 60.112925 2
60.112925 62.005351 55
62.005351 65.697324 2
65.697324 69.424126 55
69.424126 73.116099 2
73.116099 75.077783 9
75.077783 76.866122 55
76.866122 78.712108 2
78.712108 80.581315 9
80.581315 82.462131 2
82.462131 84.440965 55
84.440965 88.081360 2
88.081360 91.819773 55
91.819773 95.558185 2
95.558185 99.296598 9
99.296598 101.137682 2
101.137682 102.988571 9
102.988571 104.890614 2
104.890614 106.692154 55
106.692154 110.453786 2
110.453786 114.168979 55
114.168979 117.907392 2
117.907392 119.753378 9
119.753378 121.599365 55
121.599365 123.482945 2
123.482945 125.302947 9
125.302947 127.183764 2
127.183764 129.099410 55
129.099410 132.791383 2
132.791383 136.599058 55
136.599058 140.313695 2
140.313695 142.137414 9
142.137414 144.053061 55
144.053061 145.004860 2
145.004860 145.943093 7
145.943093 146.766440 105
146.766440 149.447105 2
149.447105 152.737959 156
