0.000000 0.440395 156
0.440395 2.537346 4
2.537346 4.511043 11
4.511043 6.507959 9
6.507959 8.504875 4
8.504875 10.664331 69
10.664331 12.672857 21
12.672857 16.655079 4
16.655079 18.628775 4
18.628775 20.660521 11
20.660521 22.610997 9
22.610997 24.573083 4
24.573083 26.570000 69
26.570000 28.520476 21
28.520476 32.444648 4
32.444648 34.383514 20
34.383514 36.403650 9
36.403650 38.354126 20
38.354126 40.351043 9
40.351043 42.371179 20
42.371179 44.310045 9
44.310045 46.272131 9
46.272131 48.199387 11
48.199387 50.196303 4
50.196303 52.170000 11
52.170000 54.132086 9
54.132086 56.129002 4
56.129002 58.102698 69
58.102698 60.088004 21
60.088004 64.012176 4
64.012176 66.043922 4
66.043922 68.006009 11
68.006009 69.968095 9
69.968095 71.965011 4
71.965011 73.973537 69
73.973537 75.877573 21
75.877573 79.859795 4
79.859795 81.810272 20
81.810272 83.783968 9
83.783968 85.757664 20
85.757664 87.812630 9
87.812630 89.774716 20
89.774716 91.771632 9
91.771632 93.780158 9
93.780158 95.684195 11
95.684195 97.657891 4
97.657891 99.654807 11
99.654807 101.593673 9
101.593673 103.590589 4
103.590589 105.552675 69
105.552675 107.561201 21
107.561201 111.520204 4
111.520204 113.447460 20
113.447460 115.432766 9
115.432766 117.394852 20
117.394852 119.426598 9
119.426598 121.400294 20
121.400294 123.373990 9
123.373990 125.382517 9
125.382517 127.309773 11
127.309773 129.271859 4
129.271859 131.291995 11
131.291995 133.242471 9
133.242471 135.274217 4
135.274217 137.247913 69
137.247913 139.268049 21
139.268049 143.157392 4
143.157392 145.119478 69
145.119478 147.116394 21
147.116394 151.087006 4
151.087006 153.083922 69
153.083922 155.046009 21
155.046009 161.337772 4
161.337772 164.310204 156
