0.000000 0.268067 156
0.268067 3.071405 11
3.071405 5.764920 9
5.764920 8.504875 4
8.504875 11.233219 11
11.233219 13.973174 11
13.973174 16.701519 9
16.701519 19.441473 4
19.441473 22.169818 11
22.169818 23.528185 4
23.528185 24.248004 2
24.248004 24.921383 9
24.921383 26.291360 4
26.291360 27.661337 11
27.661337 29.008095 13
29.008095 30.424512 6
30.424512 33.199297 11
33.199297 34.615714 4
34.615714 35.962471 9
35.962471 37.332448 2
37.332448 38.714036 7
38.714036 40.095623 4
40.095623 41.477210 11
41.477210 42.847188 4
42.847188 44.240385 9
44.240385 45.598752 2
45.598752 46.922290 7
46.922290 48.338707 4
48.338707 49.708684 11
49.708684 50.382063 4
50.382063 51.090272 13
51.090272 51.763650 18
51.763650 52.460249 11
52.460249 53.876666 4
53.876666 54.596485 2
54.596485 55.269863 9
55.269863 56.639841 4
56.639841 57.974988 11
57.974988 59.356575 13
59.356575 60.714943 6
60.714943 62.133998 11
62.133998 63.536167 57
63.536167 64.894535 4
64.894535 66.310952 11
66.310952 69.062517 57
69.062517 71.756031 11
71.756031 73.102789 4
73.102789 73.810997 2
73.810997 74.461156 9
74.461156 75.865963 4
75.865963 77.177891 11
77.177891 78.559478 13
78.559478 79.941065 6
79.941065 82.739070 11
82.739070 84.074217 4
84.074217 85.397755 9
85.397755 86.756122 2
86.756122 88.137709 7
88.137709 89.496077 4
89.496077 90.877664 11
90.877664 92.224421 4
92.224421 93.606009 9
93.606009 94.941156 2
94.941156 96.322743 7
96.322743 97.727551 4
97.727551 99.062698 11
99.062698 99.736077 4
99.736077 100.467505 13
100.467505 101.140884 18
101.140884 101.825873 11
101.825873 103.230680 4
103.230680 103.892448 2
103.892448 104.612267 9
104.612267 105.982244 4
105.982244 107.340612 11
107.340612 108.745419 13
108.745419 110.068956 6
110.068956 112.797301 11
112.797301 115.525646 9
115.525646 118.219160 4
118.219160 120.959115 11
120.959115 123.687460 11
123.687460 126.392585 9
126.392585 129.097709 4
129.097709 131.744784 11
131.744784 153.238332 -1
153.238332 158.598662 45
158.598662 159.910589 -1
159.910589 161.395215 -1
161.395215 162.115918 156
