0.000000 0.431661 156
0.431661 1.159256 156
1.159256 2.088054 2
2.088054 3.028463 7
3.028463 4.874449 9
4.874449 5.756807 2
5.756807 6.708825 7
6.708825 8.578032 9
8.578032 9.506830 2
9.506830 10.412408 7
10.412408 12.339664 9
12.339664 13.268463 2
13.268463 14.208871 7
14.208871 16.124518 9
16.124518 17.041705 2
17.041705 17.982113 7
17.982113 19.874541 9
19.874541 20.814948 2
20.814948 21.778576 7
21.778576 23.566513 9
23.566513 24.472091 2
24.472091 25.412500 7
25.412500 27.281706 9
27.281706 28.233723 2
28.233723 29.185741 7
29.185741 31.020119 9
31.020119 31.948916 2
31.948916 32.900934 7
32.900934 34.828190 9
34.828190 35.780209 2
35.780209 36.709007 7
36.709007 38.520163 9
38.520163 39.460572 2
39.460572 40.412591 7
40.412591 42.293406 9
42.293406 43.268645 2
43.268645 44.243882 7
44.243882 46.124699 9
46.124699 47.041888 2
47.041888 48.028735 7
48.028735 49.955991 9
49.955991 50.908009 2
50.908009 51.860028 7
51.860028 53.659574 9
53.659574 54.588372 2
54.588372 55.586830 7
55.586830 57.467647 9
57.467647 58.419664 2
58.419664 59.383292 7
59.383292 61.322159 9
61.322159 62.239348 2
62.239348 63.237806 7
63.237806 65.176671 9
65.176671 66.151910 2
66.151910 67.115538 7
67.115538 69.054405 9
69.054405 70.041252 2
70.041252 70.981661 7
70.981661 71.980119 9
71.980119 72.490957 7
72.490957 72.955356 9
72.955356 73.953814 2
73.953814 74.894222 7
74.894222 75.915900 9
75.915900 76.403520 7
76.403520 76.891138 9
76.891138 77.866377 2
77.866377 78.864835 7
78.864835 79.851682 9
79.851682 80.362521 7
80.362521 80.861751 9
80.861751 81.836990 2
81.836990 82.800618 7
82.800618 83.775855 9
83.775855 84.275084 7
84.275084 84.785923 9
84.785923 90.776269 9
90.776269 92.738363 57
92.738363 96.558441 9
96.558441 97.568508 2
97.568508 98.520527 7
98.520527 100.436172 9
100.436172 101.399800 2
101.399800 102.351820 7
102.351820 104.221025 9
104.221025 105.161434 2
105.161434 106.090232 7
106.090232 108.052318 9
108.052318 109.027557 2
109.027557 109.956355 7
109.956355 111.813951 9
111.813951 112.765968 2
112.765968 113.717986 7
113.717986 115.622023 9
115.622023 116.597262 2
116.597262 117.526060 7
117.526060 119.499755 9
119.499755 120.416944 2
120.416944 121.380572 7
121.380572 123.354269 9
123.354269 124.329506 2
124.329506 125.316355 7
125.316355 127.243611 9
127.243611 128.218849 2
128.218849 129.170867 7
129.170867 131.132953 9
131.132953 132.108191 2
132.108191 133.060210 7
133.060210 134.964246 9
134.964246 135.939484 2
135.939484 136.891502 7
136.891502 138.830368 9
138.830368 146.701932 9
146.701932 147.657368 2
147.657368 152.003406 50
152.003406 153.155918 156
