0.000000 0.465069 156
0.465069 1.397949 7
1.397949 2.338358 49
2.338358 4.114683 2
4.114683 4.973822 7
4.973822 5.844570 49
5.844570 7.644118 2
7.644118 8.549696 7
8.549696 9.408834 49
9.408834 11.219991 2
11.219991 12.113959 2
12.113959 12.996317 9
12.996317 14.772644 2
14.772644 16.560579 2
16.560579 18.302076 16
18.302076 20.066792 2
20.066792 21.866339 9
21.866339 23.689106 23
23.689106 25.453822 9
25.453822 28.147337 10
28.147337 28.611736 10
28.611736 29.052915 0
29.052915 32.582349 2
32.582349 34.405114 2
34.405114 36.146611 16
36.146611 37.934548 2
37.934548 39.757314 9
39.757314 41.545251 23
41.545251 43.309967 9
43.309967 46.003482 10
46.003482 46.491101 10
46.491101 46.932280 0
46.932280 50.461714 2
50.461714 52.238039 7
52.238039 54.037586 2
54.037586 55.860352 7
55.860352 57.636679 2
57.636679 59.436225 7
59.436225 61.200942 2
61.200942 62.118130 2
62.118130 63.046928 9
63.046928 64.788426 2
64.788426 66.646022 2
66.646022 68.375908 16
68.375908 70.163844 2
70.163844 71.998221 9
71.998221 73.751328 23
73.751328 75.527654 9
75.527654 78.221170 10
78.221170 78.662348 10
78.662348 79.126747 0
79.126747 82.656181 2
82.656181 84.455727 7
84.455727 86.255274 2
86.255274 88.031600 7
88.031600 89.796317 2
89.796317 91.572643 7
91.572643 93.348969 2
93.348969 94.225395 2
94.225395 95.148516 9
95.148516 96.971283 2
96.971283 98.782439 2
98.782439 100.570375 16
100.570375 102.311872 2
102.311872 104.157859 9
104.157859 105.945796 23
105.945796 107.687292 9
107.687292 110.427246 10
110.427246 110.868426 10
110.868426 111.332825 0
111.332825 113.985730 2
113.985730 114.479129 10
114.479129 114.908698 0
114.908698 117.590603 2
117.590603 118.066611 10
118.066611 118.542620 0
118.542620 121.759660 2
121.759660 125.753469 156
