0.000000 0.382952 156
0.382952 6.337859 45
6.337859 9.330793 45
9.330793 15.159002 14
15.159002 21.161360 55
21.161360 22.635827 0
22.635827 24.029024 4
24.029024 25.573151 21
25.573151 28.568526 38
28.568526 31.621950 55
31.621950 34.524444 0
34.524444 37.461768 0
37.461768 40.352653 29
40.352653 43.208707 0
43.208707 46.064761 0
46.064761 48.885986 29
48.885986 50.325623 0
50.325623 51.800090 4
51.800090 53.297777 21
53.297777 56.211882 38
56.211882 59.230476 55
59.230476 62.225850 0
62.225850 65.267664 45
65.267664 68.228208 45
68.228208 74.149297 14
74.149297 80.047165 55
80.047165 81.556462 0
81.556462 82.949659 4
82.949659 84.366077 21
84.366077 87.268571 38
87.268571 90.182675 55
90.182675 91.585306 0
