0.000000 0.477813 156
0.477813 1.471665 5
1.471665 2.493343 90
2.493343 3.445361 19
3.445361 4.432209 48
4.432209 5.430667 5
5.430667 6.417515 90
6.417515 7.381143 19
7.381143 8.367991 48
8.367991 10.318467 5
10.318467 12.280554 90
12.280554 14.242640 19
14.242640 16.204726 22
16.204726 17.156744 5
17.156744 17.644363 21
17.644363 18.120372 20
18.120372 19.118830 19
19.118830 20.117288 48
20.117288 22.044544 5
22.044544 23.019783 43
23.019783 23.995021 48
23.995021 25.945497 5
25.945497 27.872753 90
27.872753 29.846449 19
29.846449 31.773705 22
31.773705 32.760554 5
32.760554 33.248173 21
33.248173 33.724182 20
33.724182 34.734250 19
34.734250 35.697878 48
35.697878 37.648354 5
37.648354 39.610440 53
39.610440 41.537696 10
41.537696 43.476563 22
43.476563 45.427039 5
45.427039 47.365905 50
47.365905 48.364363 19
48.364363 49.316381 19
49.316381 51.255247 55
51.255247 53.286993 48
53.286993 55.156200 48
55.156200 57.153116 5
57.153116 59.150032 90
59.150032 61.065678 19
61.065678 63.085814 22
63.085814 64.026222 5
64.026222 64.537061 21
64.537061 65.059510 20
65.059510 66.011529 19
66.011529 66.998377 48
66.998377 68.937243 5
68.937243 69.889261 43
69.889261 70.864499 48
70.864499 72.780145 5
72.780145 74.753841 90
74.753841 76.727538 19
76.727538 78.701234 22
78.701234 79.688082 5
79.688082 80.175701 21
80.175701 80.674930 20
80.674930 81.638558 19
81.638558 82.660236 54
82.660236 84.622322 5
84.622322 86.607628 53
86.607628 88.511665 10
88.511665 90.485361 22
90.485361 92.424227 5
92.424227 94.386313 50
94.386313 95.419601 19
95.419601 96.360009 19
96.360009 98.345315 55
98.345315 100.319012 48
100.319012 102.234658 48
102.234658 104.254794 5
104.254794 106.228490 90
106.228490 108.202186 19
108.202186 110.175882 22
110.175882 111.162730 5
111.162730 111.685179 21
111.685179 112.172798 20
112.172798 113.101597 19
113.101597 114.100055 48
114.100055 116.015701 5
116.015701 117.942957 5
117.942957 118.906585 48
118.906585 119.893433 59
119.893433 121.855519 48
121.855519 123.794386 5
123.794386 125.721642 1
125.721642 127.706948 5
127.706948 128.717016 29
128.717016 131.972923 29
131.972923 136.751020 156
