0.000000 0.421247 156
0.421247 3.512585 7
3.512585 3.791224 7
3.791224 4.093083 8
4.093083 5.915850 21
5.915850 7.773446 14
7.773446 9.619433 10
9.619433 11.453809 0
11.453809 15.122562 7
15.122562 16.956938 21
16.956938 18.826145 14
18.826145 20.683741 10
20.683741 22.529727 0
22.529727 24.364104 7
24.364104 26.244920 21
26.244920 29.902063 0
29.902063 33.524376 7
33.524376 35.300702 3
35.300702 37.123469 2
37.123469 40.827052 7
40.827052 42.684648 21
42.684648 44.507414 14
44.507414 46.376621 10
46.376621 48.199387 0
48.199387 51.937800 7
51.937800 53.818616 21
53.818616 55.711043 14
55.711043 57.580249 10
57.580249 59.449455 0
59.449455 61.330272 7
61.330272 63.222698 21
63.222698 66.891451 0
66.891451 70.548594 7
70.548594 72.336530 3
72.336530 74.170907 2
74.170907 77.886099 7
77.886099 79.708866 21
79.708866 81.589682 14
81.589682 83.400839 10
83.400839 85.293265 0
85.293265 89.031678 7
89.031678 90.877664 21
90.877664 92.770090 14
92.770090 94.616077 10
94.616077 96.520113 0
96.520113 98.412539 7
98.412539 100.316575 21
100.316575 104.054988 0
104.054988 107.654081 7
107.654081 109.453628 3
109.453628 111.276394 2
111.276394 114.945147 7
114.945147 118.602290 0
118.602290 122.224603 7
122.224603 124.058979 3
124.058979 125.916575 2
125.916575 127.752862 48
127.752862 129.550498 7
129.550498 131.373265 3
131.373265 133.196031 2
133.196031 135.018798 48
135.018798 136.400385 7
136.400385 139.337143 156
