0.000000 0.497838 156
0.497838 0.785052 -1
0.785052 2.250657 5
2.250657 3.446485 14
3.446485 4.619092 43
4.619092 5.803310 0
5.803310 6.952698 5
6.952698 8.148526 14
8.148526 9.297913 21
9.297913 10.470521 53
10.470521 11.631519 10
11.631519 12.780907 0
12.780907 13.976734 14
13.976734 15.172562 5
15.172562 16.345170 10
16.345170 17.459727 0
17.459727 18.678775 5
18.678775 19.862993 14
19.862993 21.023990 43
21.023990 22.173378 24
22.173378 23.357596 5
23.357596 24.495374 14
24.495374 25.679591 43
25.679591 26.863809 0
26.863809 27.966757 5
27.966757 29.162585 14
29.162585 30.346802 21
30.346802 31.449750 53
31.449750 32.645578 10
32.645578 33.748526 0
33.748526 34.921133 14
34.921133 36.128571 5
36.128571 37.266349 10
37.266349 38.438956 0
38.438956 39.611564 5
39.611564 40.784172 53
40.784172 41.945170 10
41.945170 43.140997 21
43.140997 45.474603 14
45.474603 46.623990 19
46.623990 47.761768 0
47.761768 48.945986 5
48.945986 50.106984 53
50.106984 51.256371 10
51.256371 52.417369 21
52.417369 54.739365 14
54.739365 57.049750 7
57.049750 59.371746 0
59.371746 60.497913 5
60.497913 61.670521 14
61.670521 62.819909 43
62.819909 63.969297 0
63.969297 65.141904 5
65.141904 66.291292 14
66.291292 67.452290 21
67.452290 68.613287 53
68.613287 69.739455 10
69.739455 70.923673 0
70.923673 71.492562 14
71.492562 72.107891 22
72.107891 73.268888 5
73.268888 74.429886 10
74.429886 75.556054 0
75.556054 76.171383 14
76.171383 76.763492 22
76.763492 77.924489 5
77.924489 79.062267 10
79.062267 80.211655 0
80.211655 80.815374 14
80.815374 81.442312 22
81.442312 81.999591 5
81.999591 82.556870 47
82.556870 83.717868 19
83.717868 84.867256 0
84.867256 89.534467 1
89.534467 94.062358 5
94.062358 95.188526 10
95.188526 96.361133 21
96.361133 98.671519 14
98.671519 99.797687 19
99.797687 100.981904 0
100.981904 103.715167 5
103.715167 106.031020 156
