0.000000 0.440395 156
0.440395 2.470042 9
2.470042 5.045102 4
5.045102 7.142059 9
7.142059 9.607823 4
9.607823 10.757210 9
10.757210 11.929818 4
11.929818 12.823786 18
12.823786 14.275034 57
14.275034 15.436031 2
15.436031 16.585419 14
16.585419 18.895804 9
18.895804 20.068412 9
20.068412 21.241020 4
21.241020 22.076938 18
22.076938 23.539795 57
23.539795 24.730593 2
24.730593 25.908231 14
25.908231 28.230226 9
28.230226 30.552222 18
30.552222 32.885827 2
32.885827 35.172993 7
35.172993 37.483378 9
37.483378 39.816984 18
39.816984 42.127369 11
42.127369 44.402925 14
44.402925 46.701700 9
46.701700 49.058526 9
49.058526 51.415351 4
51.415351 52.576349 9
52.576349 53.748956 4
53.748956 54.596485 18
54.596485 56.059342 57
56.059342 57.231950 2
57.231950 58.439387 14
58.439387 60.842653 9
60.842653 61.980430 9
61.980430 63.164648 4
63.164648 63.988956 18
63.988956 65.486643 57
65.486643 66.624421 2
66.624421 67.831859 14
67.831859 70.177074 9
70.177074 72.522290 18
72.522290 74.786235 2
74.786235 77.096621 7
77.096621 79.383786 9
79.383786 81.763832 18
81.763832 84.109047 11
84.109047 86.384603 14
86.384603 88.660158 9
88.660158 89.832766 9
89.832766 91.040204 4
91.040204 91.922562 18
91.922562 93.362199 57
93.362199 94.534807 2
94.534807 95.707414 14
95.707414 98.029410 9
98.029410 99.167188 9
99.167188 100.339795 4
100.339795 101.198934 18
101.198934 102.603741 57
102.603741 103.776349 2
103.776349 104.925736 14
104.925736 107.247732 9
107.247732 109.558117 18
109.558117 111.833673 2
111.833673 114.144058 7
114.144058 116.431224 9
116.431224 118.776439 18
118.776439 121.075215 11
121.075215 123.339160 14
123.339160 125.637936 9
125.637936 127.681292 9
127.681292 130.339977 4
130.339977 134.902698 14
134.902698 137.189863 9
137.189863 139.848548 4
139.848548 143.798560 9
143.798560 147.983673 156
