0.000000 0.440395 156
0.440395 3.024965 7
3.024965 10.420521 7
10.420521 12.905056 50
12.905056 17.839297 48
17.839297 19.139614 7
19.139614 20.277392 2
20.277392 22.785147 7
22.785147 27.777437 7
27.777437 30.215532 7
30.215532 32.700068 50
32.700068 37.680748 48
37.680748 38.957845 7
38.957845 40.200113 2
40.200113 42.696258 7
42.696258 45.238843 23
45.238843 46.452105 9
46.452105 47.711768 57
47.711768 50.219523 2
50.219523 51.473401 16
51.473401 52.088730 9
52.088730 52.727278 2
52.727278 60.146054 7
60.146054 62.677029 50
62.677029 67.657709 48
67.657709 68.899977 7
68.899977 70.119024 2
70.119024 72.661609 7
72.661609 75.157755 23
75.157755 77.619070 9
77.619070 80.080385 2
80.080385 81.357482 16
81.357482 81.937981 9
81.937981 82.611360 2
82.611360 87.499160 7
87.499160 90.030136 7
90.030136 92.479841 50
92.479841 97.448911 48
97.448911 98.629345 7
98.629345 99.852176 2
99.852176 103.511986 7
103.511986 107.755102 156
