0.000000 0.440395 156
0.440395 2.795551 100
2.795551 7.180354 9
7.180354 11.302879 4
11.302879 15.447641 18
15.447641 19.627233 2
19.627233 21.670589 23
21.670589 23.795215 4
23.795215 25.850181 23
25.850181 28.009637 4
28.009637 29.925283 9
29.925283 31.898979 2
31.898979 33.826235 9
33.826235 35.962471 4
35.962471 40.142063 9
40.142063 44.286825 4
44.286825 48.466417 18
48.466417 52.587959 2
52.587959 54.666145 23
54.666145 56.755941 4
56.755941 58.868956 23
58.868956 60.935532 4
60.935532 62.932448 9
62.932448 64.871315 2
64.871315 66.786961 9
66.786961 68.714217 57
68.714217 72.777709 2
72.777709 76.934081 53
76.934081 85.142335 9
85.142335 93.362199 11
93.362199 95.417165 4
95.417165 97.437301 53
97.437301 99.471840 4
99.471840 101.582063 100
101.582063 105.912585 9
105.912585 110.127006 4
110.127006 114.341428 18
114.341428 118.486190 2
118.486190 120.587596 23
120.587596 122.747052 4
122.747052 124.848458 23
124.848458 126.961473 4
126.961473 128.946780 9
128.946780 130.932086 2
130.932086 132.882562 9
132.882562 134.821428 57
134.821428 138.989410 2
138.989410 143.064512 53
143.064512 151.330816 9
151.330816 159.573900 11
159.573900 161.617256 4
161.617256 163.614172 53
163.614172 165.750408 4
165.750408 168.049183 100
168.049183 172.263605 9
172.263605 176.489637 4
176.489637 180.622789 18
180.622789 184.883650 2
184.883650 186.985056 23
186.985056 189.109682 4
189.109682 191.176258 23
191.176258 193.277664 4
193.277664 195.274580 9
195.274580 197.283106 2
197.283106 198.397664 9
198.397664 199.047823 58
199.047823 204.285864 57
204.285864 206.706939 156
