0.000000 0.421247 156
0.421247 2.247097 2
2.247097 4.046643 47
4.046643 7.599297 18
7.599297 9.329183 2
9.329183 11.047460 47
11.047460 12.870226 18
12.870226 14.600113 9
14.600113 16.469319 2
16.469319 18.187596 47
18.187596 20.033582 45
20.033582 21.740249 45
21.740249 25.362562 11
25.362562 27.151313 55
27.151313 28.938435 43
28.938435 30.714761 2
30.714761 32.506841 47
32.506841 34.209365 18
34.209365 36.043516 9
36.043516 37.808458 2
37.808458 39.608004 47
39.608004 41.419160 45
41.419160 43.207097 45
43.207097 46.794580 11
46.794580 48.570907 55
48.570907 50.393673 43
50.393673 52.158390 2
52.158390 53.888276 47
53.888276 55.641383 18
55.641383 57.464149 9
57.464149 59.275306 2
59.275306 61.040381 2
61.040381 64.534625 13
64.534625 68.145328 2
68.145328 71.732811 47
71.732811 73.527899 42
73.527899 75.273854 78
75.273854 77.026961 2
77.026961 78.756848 18
78.756848 80.644910 2
80.644910 82.402380 47
82.402380 84.290741 45
84.290741 86.059078 45
86.059078 89.577346 11
89.577346 91.376893 55
91.376893 93.095170 43
93.095170 94.906326 2
94.906326 96.624603 47
96.624603 98.400929 18
98.400929 100.258526 9
100.258526 102.034852 2
102.034852 103.811179 2
103.811179 105.576282 2
105.576282 107.344619 47
107.344619 110.893265 18
110.893265 112.671462 2
112.671462 114.505293 47
114.505293 116.315124 18
116.315124 118.056621 9
118.056621 119.821337 2
119.821337 121.609274 47
121.609274 123.408820 45
123.408820 125.219977 45
125.219977 128.826642 11
128.826642 130.572176 55
130.572176 132.348503 43
132.348503 134.124829 2
134.124829 135.928892 47
135.928892 137.747142 18
137.747142 139.523469 9
139.523469 141.323015 2
141.323015 143.145782 47
143.145782 144.945328 45
144.945328 146.698435 45
146.698435 150.297528 11
150.297528 152.085464 55
152.085464 153.885011 43
153.885011 155.649727 2
155.649727 157.426054 47
157.426054 159.202380 18
159.202380 160.955487 2
160.955487 162.731814 18
162.731814 164.484920 2
164.484920 166.182118 18
166.182118 167.944693 9
167.944693 173.477357 26
173.477357 174.080000 156
