0.000000 0.517210 156
0.517210 1.148857 -1
1.148857 12.533537 156
12.533537 20.532811 5
20.532811 21.542879 5
21.542879 22.564557 8
22.564557 23.586235 10
23.586235 24.607913 5
24.607913 26.651269 10
26.651269 28.578526 5
28.578526 29.611814 5
29.611814 30.621882 8
30.621882 31.666780 10
31.666780 32.700068 5
32.700068 34.755034 7
34.755034 36.693900 0
36.693900 38.760476 10
38.760476 40.803832 5
40.803832 42.823968 7
42.823968 44.820884 2
44.820884 45.842562 7
45.842562 46.852630 10
46.852630 47.862698 0
47.862698 48.907596 7
48.907596 50.950952 0
50.950952 52.959478 7
52.959478 54.015986 7
54.015986 55.014444 10
55.014444 56.036122 0
56.036122 57.069410 7
57.069410 59.089546 9
59.089546 61.086462 2
61.086462 63.141428 0
63.141428 65.149954 7
65.149954 67.181700 9
67.181700 71.198752 0
71.198752 73.242108 7
73.242108 75.273854 10
75.273854 77.270770 0
77.270770 78.915918 7
