0.000000 1.014823 2
1.014823 1.701428 9
1.701428 3.326825 4
3.326825 4.081473 2
4.081473 4.778072 9
4.778072 6.287369 4
6.287369 7.007188 2
7.007188 7.564467 9
7.564467 9.155034 4
9.155034 9.874852 2
9.874852 10.397301 9
10.397301 11.976258 4
11.976258 13.415895 7
13.415895 14.843922 11
14.843922 15.575351 0
15.575351 16.121020 2
16.121020 17.723197 4
17.723197 18.454625 0
18.454625 19.000294 2
19.000294 20.590861 4
20.590861 21.345510 2
21.345510 22.065328 9
22.065328 23.539795 4
23.539795 24.259614 2
24.259614 25.025873 9
25.025873 26.535170 4
26.535170 27.231768 2
27.231768 27.789047 9
27.789047 29.426054 4
29.426054 30.134263 2
30.134263 30.679931 9
30.679931 32.258888 4
32.258888 33.675306 7
33.675306 35.091723 11
35.091723 35.823151 0
35.823151 36.368820 2
36.368820 37.994217 4
37.994217 38.714036 0
38.714036 39.259705 2
39.259705 40.873492 4
40.873492 41.616530 2
41.616530 42.347959 9
42.347959 43.868866 4
43.868866 44.693174 2
44.693174 45.447823 9
45.447823 46.991950 4
46.991950 47.676938 2
47.676938 48.222607 9
48.222607 49.848004 4
49.848004 50.556213 2
50.556213 51.090272 9
51.090272 52.680839 4
52.680839 53.400657 2
53.400657 53.946326 9
53.946326 55.560113 4
55.560113 56.291541 2
56.291541 56.848820 9
56.848820 58.474217 4
58.474217 59.205646 2
59.205646 59.751315 9
59.751315 61.353492 4
61.353492 62.073310 2
62.073310 62.607369 9
62.607369 64.232766 4
64.232766 64.975804 2
64.975804 65.509863 9
65.509863 67.123650 4
67.123650 67.866689 2
67.866689 68.423968 9
68.423968 72.751020 4
