0.000000 0.421247 156
0.421247 1.302038 7
1.302038 2.177599 2
2.177599 3.083177 7
3.083177 4.000366 2
4.000366 4.917554 7
4.917554 5.846352 2
5.846352 6.775150 7
6.775150 7.773930 2
7.773930 8.635573 7
8.635573 9.503495 2
9.503495 10.420683 7
10.420683 11.314651 2
11.314651 12.231840 7
12.231840 13.172248 2
13.172248 14.077826 7
14.077826 15.006624 2
15.006624 15.923812 7
15.923812 16.849898 2
16.849898 17.758189 16
17.758189 18.675377 16
18.675377 20.507092 0
20.507092 22.344130 2
22.344130 23.261318 7
23.261318 24.178506 2
24.178506 25.107304 7
25.107304 26.047713 2
26.047713 26.918461 7
26.918461 27.812429 2
27.812429 28.741227 7
28.741227 29.658415 2
29.658415 30.563994 7
30.563994 31.516968 2
31.516968 32.378611 7
32.378611 33.292338 2
33.292338 34.186307 7
34.186307 35.135866 2
35.135866 35.996293 16
35.996293 36.926261 16
36.926261 38.725808 0
38.725808 40.618234 11
40.618234 42.475830 16
42.475830 44.286987 0
44.286987 46.164891 7
46.164891 47.967350 11
47.967350 51.641107 16
51.641107 53.458869 7
53.458869 55.355744 55
55.355744 57.139232 0
57.139232 59.012938 2
59.012938 60.807985 7
60.807985 62.665581 16
62.665581 64.527450 0
64.527450 66.311114 2
66.311114 67.274742 7
67.274742 68.215150 2
68.215150 69.132338 7
69.132338 70.084357 2
70.084357 70.989935 7
70.989935 71.895513 2
71.895513 72.812701 7
72.812701 73.729889 2
73.729889 74.612248 7
74.612248 75.541046 2
75.541046 76.481454 7
76.481454 77.410252 2
77.410252 78.315830 7
78.315830 79.209799 2
79.209799 80.138597 16
80.138597 81.067395 16
81.067395 82.878552 0
82.878552 84.701318 2
84.701318 85.618506 7
85.618506 86.558914 2
86.558914 87.487713 7
87.487713 88.404901 2
88.404901 89.333699 7
89.333699 90.216057 2
90.216057 91.133245 7
91.133245 92.038824 2
92.038824 92.944402 7
92.944402 93.873200 2
93.873200 94.813608 7
94.813608 95.707576 2
95.707576 96.659595 7
96.659595 97.565173 2
97.565173 98.506103 16
98.506103 99.353109 16
99.353109 101.175876 0
101.175876 103.033296 2
103.033296 103.962270 7
103.962270 104.891069 2
104.891069 105.761817 7
105.761817 106.702225 2
106.702225 107.561363 7
107.561363 108.501771 2
108.501771 109.442180 7
109.442180 110.336148 2
110.336148 111.264946 7
111.264946 112.147304 2
112.147304 113.064493 7
113.064493 113.993291 2
113.993291 114.898869 7
114.898869 115.804447 2
115.804447 116.721635 16
116.721635 117.638824 16
117.638824 119.508030 0
119.508030 121.354016 59
121.354016 123.176783 16
123.176783 124.987939 0
124.987939 126.833926 7
126.833926 128.679912 11
128.679912 130.572338 16
130.572338 132.360275 16
132.360275 134.229481 7
134.229481 136.052248 55
136.052248 137.909844 0
137.909844 139.779050 2
139.779050 141.601817 7
141.601817 143.424583 16
143.424583 145.305400 0
145.305400 147.174606 2
147.174606 148.091794 7
148.091794 149.055422 2
149.055422 149.972610 7
149.972610 150.924629 2
150.924629 151.830207 7
151.830207 152.793835 2
152.793835 153.711023 7
153.711023 154.636108 2
154.636108 155.533790 7
155.533790 156.474198 2
156.474198 157.379776 7
157.379776 158.343404 2
158.343404 159.283812 7
159.283812 160.212610 2
160.212610 164.101224 156
