0.000000 1.416923 156
1.416923 6.768639 52
6.768639 12.701337 4
12.701337 16.497800 6
16.497800 20.665782 9
20.665782 24.497074 7
24.497074 28.630226 11
28.630226 29.640294 16
29.640294 30.627142 0
30.627142 31.602380 85
31.602380 32.577619 0
32.577619 34.574535 24
34.574535 35.691147 7
35.691147 36.571451 156
36.571451 42.039750 52
42.039750 47.995668 4
47.995668 51.792131 6
51.792131 55.983333 9
55.983333 59.756575 7
59.756575 63.970997 11
63.970997 64.957845 16
64.957845 65.944693 0
65.944693 66.954761 85
66.954761 67.906780 0
67.906780 69.926916 24
69.926916 71.018490 7
71.018490 71.900612 156
71.900612 73.897528 16
73.897528 75.848004 9
75.848004 76.556213 117
76.556213 77.659160 9
77.659160 78.402199 7
78.402199 79.551587 11
79.551587 81.548503 16
81.548503 83.568639 9
83.568639 84.300068 117
84.300068 85.461065 9
85.461065 86.180884 7
86.180884 87.283832 11
87.283832 95.167006 4
95.167006 99.126009 6
99.126009 103.073401 9
103.073401 107.125283 7
107.125283 111.026235 11
111.026235 112.013083 16
112.013083 112.988321 0
112.988321 113.998390 85
113.998390 114.950408 0
114.950408 116.935714 24
116.935714 117.987580 7
117.987580 118.967460 156
118.967460 120.941156 16
120.941156 122.914852 9
122.914852 123.715941 117
123.715941 124.795668 9
124.795668 125.561927 7
125.561927 126.722925 11
126.722925 128.696621 16
128.696621 130.693537 9
130.693537 131.436575 112
131.436575 132.585963 4
132.585963 133.329002 7
133.329002 134.582879 11
134.582879 142.547324 4
142.547324 146.320566 6
146.320566 150.523378 9
150.523378 154.308231 7
154.308231 158.499433 11
158.499433 159.509501 16
159.509501 160.473129 0
160.473129 161.471587 85
161.471587 162.411995 0
162.411995 164.408911 24
164.408911 165.454508 7
165.454508 166.370997 156
166.370997 167.404285 16
167.404285 168.379523 0
168.379523 169.319931 85
169.319931 170.306780 0
170.306780 172.315306 24
172.315306 173.439062 7
173.439062 174.915918 156
