0.000000 0.440395 156
0.440395 1.014823 9
1.014823 6.644221 2
6.644221 9.431879 7
9.431879 12.241493 2
12.241493 13.657911 7
13.657911 15.074328 9
15.074328 16.525575 2
16.525575 17.965212 2
17.965212 19.370020 2
19.370020 20.844487 7
20.844487 23.735371 2
23.735371 26.707525 7
26.707525 29.679679 2
29.679679 31.142537 7
31.142537 32.640224 9
32.640224 35.623988 2
35.623988 37.110065 2
37.110065 38.619362 7
38.619362 41.637956 2
41.637956 44.656550 7
44.656550 47.640314 2
47.640314 49.138001 7
49.138001 50.658908 9
50.658908 53.654283 2
53.654283 55.140360 2
55.140360 56.638047 7
56.638047 59.621811 2
59.621811 62.652015 7
62.652015 65.670609 2
65.670609 67.249566 7
67.249566 68.689203 9
68.689203 71.707797 2
71.707797 77.536006 2
77.536006 80.473330 7
80.473330 83.364215 2
83.364215 84.838682 7
84.838682 86.243489 9
86.243489 89.192423 2
89.192423 90.620450 2
90.620450 92.071698 7
92.071698 95.020632 2
95.020632 97.946346 7
97.946346 100.872060 2
100.872060 102.358137 7
102.358137 103.809385 9
103.809385 106.793149 2
106.793149 108.256006 2
108.256006 109.753693 7
109.753693 112.714237 2
112.714237 115.732831 7
115.732831 118.751425 2
118.751425 120.272332 7
120.272332 121.770020 9
121.770020 124.800224 2
124.800224 126.309521 2
126.309521 127.842038 7
127.842038 130.895462 2
130.895462 133.879226 7
133.879226 136.886210 2
136.886210 138.395507 7
138.395507 139.928024 9
139.928024 142.888568 2
142.888568 148.821267 2
148.821267 151.770201 7
151.770201 154.788795 2
154.788795 157.221035 9
157.221035 157.760949 2
157.760949 158.550428 7
158.550428 159.130927 9
159.130927 159.699815 2
159.699815 163.424862 2
163.424862 167.627755 156
