0.000000 0.402100 156
0.402100 10.885011 0
10.885011 15.935351 53
15.935351 21.148231 0
21.148231 23.714036 7
23.714036 26.314671 5
26.314671 28.899196 0
28.899196 31.527551 55
31.527551 39.386636 0
39.386636 41.895260 48
41.895260 47.026870 5
47.026870 52.146870 0
52.146870 54.712675 7
54.712675 57.278480 5
57.278480 59.802639 0
59.802639 62.410090 7
62.410090 70.095895 0
70.095895 72.638480 48
72.638480 77.781700 5
77.781700 82.878480 0
82.878480 85.467505 7
85.467505 88.091360 5
88.091360 98.205452 0
98.205452 110.939281 21
110.939281 130.065191 90
130.065191 136.986122 156
