0.000000 0.517210 156
0.517210 2.641836 10
2.641836 4.766462 9
4.766462 5.869410 14
5.869410 6.937528 7
6.937528 8.028866 12
8.028866 9.178253 103
9.178253 10.257981 10
10.257981 11.337709 14
11.337709 13.543605 7
13.543605 15.703061 103
15.703061 16.794399 12
16.794399 17.920566 103
17.920566 18.965464 10
18.965464 20.068412 14
20.068412 22.239478 9
22.239478 23.342426 14
23.342426 24.410544 38
24.410544 25.443832 19
25.443832 26.500340 9
26.500340 28.624965 14
28.624965 29.681473 19
29.681473 30.807641 9
30.807641 32.862607 14
32.862607 33.907505 19
33.907505 34.998843 9
34.998843 36.043741 14
36.043741 37.135079 7
37.135079 38.261247 12
38.261247 39.340975 103
39.340975 40.420702 10
40.420702 41.477210 14
41.477210 43.601836 7
43.601836 45.749682 103
45.749682 46.817800 12
46.817800 47.804648 103
47.804648 48.930816 10
48.930816 49.929274 14
49.929274 52.088730 9
52.088730 53.156848 14
53.156848 54.201746 38
54.201746 55.258253 19
55.258253 56.361201 9
56.361201 58.474217 14
58.474217 59.519115 19
59.519115 60.575623 9
60.575623 61.759841 14
61.759841 62.909229 105
62.909229 64.035396 0
64.035396 65.126734 16
65.126734 67.355850 9
67.355850 69.573356 105
69.573356 70.664693 14
70.664693 71.767641 105
71.767641 72.870589 0
72.870589 73.903877 16
73.903877 76.086553 11
76.086553 77.222316 16
77.222316 78.292448 16
78.292448 79.347701 21
79.347701 80.440294 11
80.440294 81.492233 16
81.492233 82.553310 40
82.553310 83.656258 21
83.656258 84.712766 11
84.712766 86.883832 16
86.883832 89.136167 7
89.136167 90.262335 12
90.262335 91.365283 103
91.365283 92.433401 10
92.433401 93.513129 14
93.513129 95.649365 7
95.649365 97.797210 103
97.797210 98.853718 12
98.853718 99.921836 103
99.921836 101.059614 10
101.059614 102.092902 14
102.092902 104.252358 9
104.252358 105.343696 14
105.343696 106.423424 38
106.423424 107.503151 19
107.503151 108.513219 9
108.513219 110.661065 14
110.661065 111.740793 19
111.740793 112.843741 9
112.843741 114.910317 14
114.910317 115.966825 19
115.966825 117.000113 9
117.000113 118.079841 14
118.079841 119.194399 105
119.194399 120.285736 0
120.285736 121.365464 16
121.365464 123.571360 9
123.571360 125.695986 105
125.695986 126.787324 14
126.787324 127.890272 105
127.890272 128.970000 0
128.970000 130.072947 16
130.072947 132.197573 11
132.197573 133.265691 16
133.265691 134.322199 16
134.322199 135.401927 21
135.401927 136.481655 11
136.481655 138.559841 16
138.559841 139.651179 21
139.651179 140.719297 11
140.719297 142.901972 16
142.901972 143.958480 21
143.958480 145.026598 11
145.026598 146.083106 16
146.083106 147.186054 40
147.186054 148.289002 21
148.289002 149.415170 11
149.415170 154.750994 16
154.750994 157.100408 156
