0.000000 0.479543 156
0.479543 1.500839 7
1.500839 4.438163 7
4.438163 5.993900 10
5.993900 7.723786 50
7.723786 9.999342 7
9.999342 12.692857 21
12.692857 14.097664 0
14.097664 15.409591 7
15.409591 16.826009 21
16.826009 18.149546 21
18.149546 19.507913 0
19.507913 20.901111 7
20.901111 22.236258 23
22.236258 23.629455 47
23.629455 26.392630 50
26.392630 27.750997 7
27.750997 29.120975 0
29.120975 31.826099 2
31.826099 33.184467 21
33.184467 34.566054 45
34.566054 35.901201 24
35.901201 37.259569 7
37.259569 38.641156 45
38.641156 39.999523 45
39.999523 41.334671 24
41.334671 42.739478 55
42.739478 44.097845 47
44.097845 45.456213 47
45.456213 48.172947 50
48.172947 49.566145 7
49.566145 50.866462 0
50.866462 53.606417 50
53.606417 56.311541 16
56.311541 58.981836 9
58.981836 60.363424 23
60.363424 61.686961 9
61.686961 62.221020 4
62.221020 63.056938 9
63.056938 63.544557 9
63.544557 64.403696 50
64.403696 67.108820 45
67.108820 68.467188 24
68.467188 69.848775 55
69.848775 71.230362 45
71.230362 72.577120 45
72.577120 73.912267 24
73.912267 75.270634 55
75.270634 77.975759 47
77.975759 80.715714 50
80.715714 82.004421 7
82.004421 83.386009 0
83.386009 86.149183 50
86.149183 91.582653 7
91.582653 94.229727 0
94.229727 96.981292 7
96.981292 99.698027 2
99.698027 102.368321 50
102.368321 103.738299 7
103.738299 105.096666 0
105.096666 107.813401 50
107.813401 110.495306 16
110.495306 113.165600 9
113.165600 114.523968 23
114.523968 115.917165 9
115.917165 116.462834 4
116.462834 117.275532 9
117.275532 117.786371 9
117.786371 118.610680 2
118.610680 121.339024 45
121.339024 122.709002 24
122.709002 124.032539 55
124.032539 126.784104 45
126.784104 128.119251 24
128.119251 129.489229 55
129.489229 132.205963 47
132.205963 134.922698 50
134.922698 136.257845 7
136.257845 137.651043 0
137.651043 140.332947 50
140.332947 141.714535 55
141.714535 143.130952 0
143.130952 145.870907 2
145.870907 148.622471 7
148.622471 149.992448 10
149.992448 151.408866 50
151.408866 154.330599 7
154.330599 158.824490 156
