0.000000 0.122000 156
0.122000 6.397120 45
6.397120 9.415714 45
9.415714 10.855351 110
10.855351 12.318208 2
12.318208 15.383242 55
15.383242 16.846099 0
16.846099 18.355396 0
18.355396 21.420430 45
21.420430 22.952947 110
22.952947 24.439024 2
24.439024 27.457619 55
27.457619 28.990136 0
28.990136 30.487823 0
30.487823 33.587687 45
33.587687 35.085374 110
35.085374 36.548231 2
36.548231 39.624875 55
39.624875 41.169002 0
41.169002 42.678299 0
42.678299 45.720113 45
45.720113 47.299070 110
47.299070 48.761927 2
48.761927 51.803741 55
51.803741 53.382698 0
53.382698 54.868775 0
54.868775 57.887369 45
57.887369 59.431496 110
59.431496 60.952403 2
60.952403 63.970997 55
63.970997 65.480294 0
65.480294 67.024421 0
67.024421 70.054625 45
70.054625 71.552312 110
71.552312 73.096439 2
73.096439 76.173083 55
76.173083 77.717210 0
77.717210 79.249727 0
79.249727 82.384421 45
82.384421 83.882108 110
83.882108 85.414625 2
85.414625 88.491269 55
88.491269 90.023786 0
90.023786 91.556303 0
91.556303 94.574897 45
94.574897 96.095804 110
96.095804 97.564186 2
97.564186 100.588866 55
100.588866 102.132993 0
102.132993 103.677120 0
103.677120 106.684104 45
106.684104 108.170181 110
108.170181 109.725918 2
109.725918 112.744512 55
112.744512 114.242199 0
114.242199 115.728276 0
115.728276 118.584331 45
118.584331 121.544875 50
121.544875 124.366099 55
124.366099 127.280204 0
127.280204 130.136258 45
130.136258 132.992312 50
132.992312 135.801927 55
135.801927 138.681201 0
138.681201 141.699795 45
141.699795 144.695170 2
144.695170 147.725374 55
147.725374 149.223061 0
149.223061 150.697528 0
150.697528 153.681292 45
153.681292 155.178979 110
155.178979 156.607006 2
156.607006 159.474671 55
159.474671 160.960748 0
160.960748 162.435215 0
162.435215 165.407369 45
165.407369 166.916666 110
166.916666 168.391133 2
168.391133 171.386507 55
171.386507 172.895804 0
172.895804 174.370272 0
174.370272 177.284376 45
177.284376 178.770453 110
178.770453 180.210090 2
180.210090 183.228684 55
183.228684 184.737981 0
184.737981 186.119569 0
186.119569 188.987233 45
188.987233 191.808458 50
191.808458 194.641292 7
194.641292 196.057709 0
196.057709 197.497346 0
197.497346 200.295351 45
200.295351 203.128185 50
203.128185 205.937800 55
205.937800 212.897959 0
