0.000000 0.865510 156
0.865510 1.527278 16
1.527278 2.398027 9
2.398027 3.024965 16
3.024965 3.884104 9
3.884104 4.557482 16
4.557482 5.416621 9
5.416621 6.066780 16
6.066780 6.949138 9
6.949138 8.435215 2
8.435215 9.967732 23
9.967732 11.546689 16
11.546689 13.067596 9
13.067596 13.822244 2
13.822244 14.600113 23
14.600113 15.180612 16
15.180612 16.121020 9
16.121020 17.653537 2
17.653537 19.209274 23
19.209274 20.741791 16
20.741791 22.309138 9
22.309138 23.052176 2
23.052176 23.818435 23
23.818435 24.410544 16
24.410544 25.362562 9
25.362562 26.883469 2
26.883469 28.404376 23
28.404376 29.878843 16
29.878843 31.469410 9
31.469410 33.013537 2
33.013537 34.534444 23
34.534444 36.078571 16
36.078571 37.622698 9
37.622698 39.108775 2
39.108775 40.676122 23
40.676122 42.220249 16
42.220249 43.787596 9
43.787596 44.565464 2
44.565464 45.343333 23
45.343333 45.912222 16
45.912222 46.852630 9
46.852630 48.385147 2
48.385147 49.987324 23
49.987324 51.496621 16
51.496621 53.063968 9
53.063968 53.807006 2
53.807006 54.666145 23
54.666145 55.269863 16
55.269863 56.187052 9
56.187052 57.800839 2
57.800839 59.344965 23
59.344965 60.865873 16
60.865873 62.444829 9
62.444829 63.977346 2
63.977346 65.521473 23
65.521473 67.077210 16
67.077210 68.667777 9
68.667777 70.200294 2
70.200294 71.756031 23
71.756031 73.288548 16
73.288548 74.867505 9
74.867505 75.668594 2
75.668594 76.446462 23
76.446462 77.038571 16
77.038571 77.967369 9
77.967369 79.534716 2
79.534716 81.125283 23
81.125283 82.692630 16
82.692630 84.225147 9
84.225147 85.815714 2
85.815714 87.336621 50
87.336621 90.459705 7
90.459705 93.606009 9
93.606009 96.705873 23
96.705873 98.296439 16
98.296439 99.828956 9
99.828956 100.630045 2
100.630045 101.419523 23
101.419523 101.679223 16
101.679223 102.940430 156
102.940430 104.472947 2
104.472947 106.075124 23
106.075124 107.642471 16
107.642471 109.256258 9
109.256258 110.043072 2
110.043072 110.788775 23
110.788775 111.404104 16
111.404104 112.344512 9
112.344512 113.888639 2
113.888639 115.479206 23
115.479206 117.046553 16
117.046553 118.671950 9
118.671950 120.239297 23
120.239297 120.886112 10
120.886112 121.771814 58
121.771814 122.352312 117
122.352312 123.211451 57
123.211451 125.787761 2
125.787761 130.089796 156
