0.000000 0.465952 156
0.465952 2.103232 7
2.103232 3.705409 0
3.705409 5.272756 7
5.272756 6.886543 0
6.886543 8.500330 7
8.500330 10.090897 0
10.090897 13.353300 7
13.353300 14.990307 7
14.990307 16.615704 0
16.615704 18.241101 7
18.241101 19.866497 0
19.866497 21.480284 7
21.480284 23.117291 0
23.117291 26.391305 0
26.391305 28.210155 0
28.210155 29.711758 7
29.711758 31.360375 0
31.360375 32.939332 7
32.939332 34.599559 0
34.599559 36.306225 7
36.306225 37.943232 0
37.943232 39.557019 7
39.557019 41.205636 0
41.205636 42.831033 7
42.831033 44.444819 0
44.444819 49.402280 0
49.402280 51.027677 7
51.027677 52.711123 0
52.711123 54.324910 7
54.324910 55.985137 7
55.985137 59.224321 2
59.224321 60.861327 0
60.861327 62.486724 7
62.486724 65.737518 2
65.737518 67.351305 0
67.351305 69.152241 7
69.152241 70.753028 7
70.753028 72.331985 0
72.331985 73.968992 7
73.968992 75.582779 0
75.582779 77.184956 7
77.184956 78.798742 0
78.798742 83.879075 0
83.879075 85.416429 7
85.416429 87.053436 0
87.053436 88.667223 7
88.667223 90.269400 7
90.269400 93.473754 2
93.473754 95.122370 0
95.122370 96.747767 7
96.747767 99.952121 2
99.952121 101.542688 0
101.542688 103.168085 7
103.168085 108.905137 7
108.905137 109.634842 2
109.634842 111.283459 7
111.283459 112.874026 0
112.874026 114.476203 7
114.476203 116.078380 0
116.078380 117.703776 7
117.703776 119.294343 0
119.294343 124.311508 7
124.311508 125.830761 7
125.830761 127.432937 0
127.432937 129.023504 7
129.023504 130.614071 0
130.614071 132.216248 7
132.216248 133.853255 0
133.853255 135.408992 7
135.408992 137.045999 0
137.045999 138.659785 7
138.659785 142.759184 156
