0.000000 0.421247 156
0.421247 1.256247 156
1.256247 21.840737 4
21.840737 23.048174 6
23.048174 24.290442 11
24.290442 25.474660 4
25.474660 26.682097 1
26.682097 27.877925 6
27.877925 29.073753 11
29.073753 29.372436 4
29.372436 31.546678 2
31.546678 52.293707 4
52.293707 53.466315 6
53.466315 54.720192 11
54.720192 55.939240 4
55.939240 57.158288 1
57.158288 58.365725 6
58.365725 59.584773 11
59.584773 59.893728 4
59.893728 62.022868 2
62.022868 76.264935 4
76.264935 96.713480 4
96.713480 97.944138 6
97.944138 99.163186 11
99.163186 100.393843 4
100.393843 101.578061 1
101.578061 102.808719 6
102.808719 103.969716 11
103.969716 104.277891 4
104.277891 106.454251 2
106.454251 114.158058 4
114.158058 118.987755 156
