0.000000 0.459543 156
0.459543 4.733242 11
4.733242 6.149659 11
6.149659 7.577687 9
7.577687 8.959274 7
8.959274 10.387301 5
10.387301 13.301405 4
13.301405 16.029750 52
16.029750 18.920634 2
18.920634 21.788299 50
21.788299 23.216326 9
23.216326 24.644353 9
24.644353 26.083990 0
26.083990 27.570068 2
27.570068 28.963265 9
28.963265 30.414512 9
30.414512 33.317006 0
33.317006 36.173061 2
36.173061 39.029115 9
39.029115 40.422312 9
40.422312 41.861950 9
41.861950 43.301587 42
43.301587 43.998185 5
43.998185 44.671564 7
44.671564 46.122811 9
46.122811 47.539229 9
47.539229 50.348843 5
50.348843 55.933242 11
55.933242 58.777687 0
58.777687 61.598911 2
61.598911 64.373696 4
64.373696 65.790113 9
65.790113 67.229750 9
67.229750 68.680997 0
68.680997 70.085804 2
70.085804 71.525442 9
71.525442 72.953469 9
72.953469 75.774693 0
75.774693 78.630748 2
78.630748 81.451972 9
81.451972 87.094421 2
87.094421 89.915646 9
89.915646 92.748480 4
92.748480 95.569705 2
95.569705 97.020952 9
97.020952 98.414149 9
98.414149 99.842176 42
99.842176 100.527165 5
100.527165 101.214273 7
101.214273 102.605351 9
102.605351 103.963718 9
103.963718 106.796553 5
106.796553 112.276462 11
112.276462 115.097687 0
115.097687 117.860861 2
117.860861 120.612426 4
120.612426 123.572970 156
123.572970 124.826848 11
124.826848 126.243265 9
126.243265 127.636462 7
127.636462 128.983219 5
128.983219 131.850884 4
131.850884 133.232471 11
133.232471 134.660498 9
134.660498 136.007256 7
136.007256 137.377233 5
137.377233 138.805260 4
138.805260 140.186848 5
140.186848 145.678367 11
145.678367 148.441541 0
148.441541 151.111836 2
151.111836 153.828571 4
153.828571 156.533696 2
156.533696 157.950113 9
157.950113 159.354920 9
159.354920 160.736507 0
160.736507 162.176145 2
162.176145 163.546122 9
163.546122 164.904489 9
164.904489 167.725714 0
167.725714 170.465668 2
170.465668 173.240453 9
173.240453 174.703310 9
174.703310 176.015238 9
176.015238 177.361995 42
177.361995 178.070204 5
178.070204 178.685532 7
178.685532 180.067120 9
180.067120 181.448707 9
181.448707 184.165442 5
184.165442 189.552471 11
189.552471 192.327256 0
192.327256 195.055600 2
195.055600 197.749115 4
197.749115 200.384580 2
200.384580 203.101315 0
203.101315 205.736780 11
205.736780 208.407074 9
208.407074 211.088979 7
211.088979 213.759274 5
213.759274 216.441179 52
216.441179 219.088253 2
219.088253 221.793378 0
221.793378 224.521723 7
224.521723 227.250068 9
227.250068 229.908752 7
229.908752 232.671927 5
232.671927 235.353832 52
235.353832 238.000907 2
238.000907 240.659591 0
240.659591 243.295056 7
243.295056 245.930521 9
245.930521 248.554376 7
248.554376 251.166621 5
251.166621 253.790476 52
253.790476 256.507210 2
256.507210 259.247165 0
259.247165 261.975510 7
261.975510 264.680634 9
264.680634 267.408979 7
267.408979 270.148934 5
270.148934 272.784399 52
272.784399 277.080816 156
