0.000000 0.114886 156
0.114886 8.482392 40
8.482392 9.541814 0
9.541814 10.598321 7
10.598321 11.666439 0
11.666439 12.711337 17
12.711337 13.767845 0
13.767845 14.743083 17
14.743083 15.799591 7
15.799591 16.844489 9
16.844489 17.877777 4
17.877777 18.911065 9
18.911065 19.990793 14
19.990793 21.000861 9
21.000861 22.022539 14
22.022539 24.170385 4
24.170385 25.807392 21
25.807392 27.456009 0
27.456009 29.889421 5
29.889421 30.753242 7
30.753242 32.320589 21
32.320589 33.969206 0
33.969206 36.384081 5
36.384081 37.196780 7
37.196780 38.810566 4
38.810566 40.377913 7
40.377913 42.072970 21
42.072970 44.977739 17
44.977739 45.992562 156
45.992562 47.088480 0
47.088480 48.144988 7
48.144988 49.201496 0
49.201496 50.246394 17
50.246394 51.314512 0
51.314512 52.336190 17
52.336190 53.381088 7
53.381088 54.391156 9
54.391156 55.470884 4
55.470884 56.469342 9
56.469342 57.560680 14
57.560680 58.591690 9
58.591690 59.627256 14
59.627256 61.740272 4
61.740272 63.435328 21
63.435328 65.107165 0
65.107165 67.556870 5
67.556870 68.311519 7
68.311519 69.983356 21
69.983356 71.562312 0
71.562312 74.046848 5
74.046848 74.847936 7
74.847936 76.554603 4
76.554603 78.098730 7
78.098730 79.758956 21
79.758956 82.947452 17
82.947452 83.996598 156
83.996598 85.018276 0
85.018276 86.074784 7
86.074784 87.119682 0
87.119682 88.176190 17
88.176190 89.232698 0
89.232698 90.265986 17
90.265986 91.322494 7
91.322494 92.367392 9
92.367392 93.423900 4
93.423900 94.457188 9
94.457188 95.490476 14
95.490476 96.546984 9
96.546984 97.603492 14
97.603492 98.137551 4
98.137551 98.671609 4
98.671609 99.194058 4
99.194058 99.693287 4
99.693287 101.353514 21
101.353514 103.013741 0
103.013741 105.465042 5
105.465042 106.310975 7
106.310975 108.006031 21
108.006031 109.643038 0
109.643038 112.092743 5
112.092743 112.847392 7
112.847392 114.554058 4
114.554058 116.202675 7
116.202675 117.816462 21
117.816462 121.089493 17
121.089493 121.606479 156
121.606479 122.634603 0
122.634603 123.691111 7
123.691111 124.747619 0
124.747619 125.757687 17
125.757687 126.860634 0
126.860634 127.905532 17
127.905532 128.938820 7
128.938820 129.983718 9
129.983718 131.028616 4
131.028616 132.096734 9
132.096734 133.118412 14
133.118412 134.186530 9
134.186530 135.173378 14
135.173378 136.241496 4
136.241496 137.263174 0
137.263174 138.308072 7
138.308072 139.376190 0
139.376190 140.386258 17
140.386258 141.465986 0
141.465986 142.487664 17
142.487664 143.555782 7
143.555782 144.589070 9
144.589070 145.633968 4
145.633968 146.667256 9
146.667256 147.723764 14
147.723764 148.722222 9
148.722222 149.790340 14
149.790340 150.835238 4
150.835238 151.868526 0
151.868526 152.925034 7
152.925034 154.004761 0
154.004761 155.026439 17
155.026439 156.071337 0
156.071337 157.104625 17
157.104625 158.195963 7
158.195963 159.217641 9
159.217641 160.297369 4
160.297369 161.353877 9
161.353877 162.410385 14
162.410385 163.466893 9
163.466893 164.476961 14
164.476961 165.492804 4
165.492804 166.566757 0
166.566757 167.588435 7
167.588435 168.644943 0
168.644943 169.678231 17
169.678231 170.723129 0
170.723129 171.677482 17
171.677482 172.731655 7
172.731655 173.764943 9
173.764943 174.809841 4
174.809841 175.889569 9
175.889569 176.899637 14
176.899637 177.932925 9
177.932925 178.977823 14
178.977823 180.127210 4
180.127210 181.206938 0
181.206938 182.367936 7
182.367936 183.436054 0
183.436054 184.155873 17
184.155873 185.107891 0
185.107891 186.048299 17
186.048299 187.957213 7
187.957213 188.933742 9
188.933742 189.786712 4
189.786712 190.761950 9
190.761950 191.597868 14
191.597868 192.619546 9
192.619546 193.803764 14
193.803764 194.089796 156
