0.000000 0.980790 2
0.980790 2.414897 0
2.414897 3.900975 2
3.900975 5.421882 7
5.421882 6.942789 6
6.942789 8.533356 5
8.533356 9.996213 2
9.996213 11.540340 7
11.540340 13.107687 6
13.107687 16.265600 23
16.265600 17.786507 0
17.786507 19.365464 2
19.365464 20.944421 7
20.944421 22.500158 6
22.500158 24.090725 0
24.090725 25.646462 2
25.646462 27.248639 7
27.248639 28.839206 6
28.839206 30.406553 5
30.406553 32.020340 2
32.020340 33.587687 7
33.587687 35.155034 6
35.155034 36.757210 23
36.757210 38.370997 47
38.370997 39.961564 0
39.961564 41.552131 2
41.552131 43.142698 7
43.142698 44.779705 6
44.779705 46.300612 0
46.300612 47.891179 2
47.891179 49.516575 7
49.516575 51.072312 6
51.072312 52.674489 5
52.674489 54.230226 2
54.230226 55.820793 7
55.820793 57.422970 21
57.422970 58.990317 23
58.990317 60.557664 0
60.557664 62.136621 7
62.136621 63.680748 21
63.680748 65.248095 23
65.248095 66.838662 0
66.838662 68.406009 9
68.406009 69.926916 8
69.926916 71.471043 7
71.471043 73.050000 6
73.050000 76.231133 23
76.231133 77.833310 0
77.833310 79.389047 2
79.389047 81.049274 7
81.049274 82.581791 6
82.581791 84.183968 0
84.183968 85.751315 2
85.751315 87.365102 7
87.365102 88.944058 6
88.944058 90.557845 5
90.557845 92.160022 2
92.160022 93.762199 7
93.762199 95.375986 6
95.375986 98.568730 23
98.568730 100.159297 0
100.159297 101.703424 2
101.703424 103.375260 7
103.375260 104.942607 6
104.942607 106.568004 0
106.568004 108.158571 2
108.158571 109.656258 7
109.656258 111.339705 6
111.339705 112.930272 5
112.930272 114.567278 2
114.567278 116.192675 7
116.192675 117.771632 21
117.771632 119.385419 23
119.385419 121.010816 0
121.010816 122.601383 7
122.601383 124.191950 21
124.191950 125.736077 23
125.736077 127.361473 0
127.361473 128.870770 9
128.870770 130.484557 8
130.484557 132.040294 7
132.040294 133.700521 6
133.700521 136.881655 23
136.881655 138.460612 0
138.460612 140.062789 2
140.062789 141.641746 7
141.641746 143.278752 6
143.278752 144.846099 0
144.846099 146.494716 2
146.494716 148.096893 7
148.096893 149.710680 6
149.710680 151.394126 5
151.394126 153.007913 2
153.007913 154.644920 7
154.644920 156.281927 6
156.281927 159.567551 23
159.567551 161.146507 0
161.146507 162.783514 2
162.783514 164.397301 7
164.397301 166.022698 6
166.022698 167.601655 0
167.601655 169.250272 2
169.250272 170.875668 7
170.875668 172.477845 6
172.477845 174.103242 5
174.103242 175.705419 2
175.705419 177.295986 7
177.295986 178.909773 6
178.909773 181.986417 23
181.986417 183.681473 0
183.681473 185.202380 2
185.202380 186.781337 7
186.781337 188.337074 6
188.337074 189.892811 0
189.892811 191.460158 2
191.460158 193.097165 7
193.097165 195.343673 156
