0.000000 1.771088 64
1.771088 11.674399 4
11.674399 15.319931 11
15.319931 15.586961 11
15.586961 15.865600 0
15.865600 16.167460 1
16.167460 20.033582 2
20.033582 20.335442 2
20.335442 20.625691 1
20.625691 20.927551 0
20.927551 26.012721 11
26.012721 26.906689 4
26.906689 28.369546 0
28.369546 30.807641 11
30.807641 31.991859 4
31.991859 33.176077 0
33.176077 35.567732 11
35.567732 45.122743 4
45.122743 48.721836 11
48.721836 48.977256 11
48.977256 49.255895 0
49.255895 49.546145 1
49.546145 53.354217 2
53.354217 53.656077 2
53.656077 53.946326 1
53.946326 54.224965 0
54.224965 59.217256 11
59.217256 60.099614 4
60.099614 61.005192 0
61.005192 62.851179 11
62.851179 63.687097 4
63.687097 64.592675 0
64.592675 66.298776 11
