0.000000 0.440395 156
0.440395 1.455218 9
1.455218 5.579160 18
5.579160 6.589229 2
6.589229 7.599297 67
7.599297 9.654263 2
9.654263 10.641111 4
10.641111 11.627959 2
11.627959 15.668231 9
15.668231 19.731723 18
19.731723 21.798299 2
21.798299 22.761927 4
22.761927 23.783605 9
23.783605 27.765827 9
27.765827 31.759659 18
31.759659 33.814625 2
33.814625 34.789863 4
34.789863 35.730272 9
35.730272 37.738798 4
37.738798 39.724104 2
39.724104 40.722562 9
40.722562 41.709410 2
41.709410 43.706326 9
43.706326 47.769818 9
47.769818 51.740430 18
51.740430 53.783786 2
53.783786 54.685578 4
54.685578 55.711043 9
55.711043 57.707959 4
57.707959 59.704875 2
59.704875 60.656893 9
60.656893 61.655351 2
61.655351 63.617437 9
63.617437 67.622879 9
67.622879 71.593492 18
71.593492 73.578798 2
73.578798 74.530816 4
74.530816 75.540884 9
75.540884 77.537800 4
77.537800 79.546326 2
79.546326 80.556394 9
80.556394 81.531632 2
81.531632 83.516938 9
83.516938 87.464331 9
87.464331 91.446553 18
91.446553 93.466689 2
93.466689 94.488367 4
94.488367 95.451995 9
95.451995 97.425691 4
97.425691 99.445827 2
99.445827 100.421065 9
100.421065 101.442743 2
101.442743 103.381609 9
103.381609 105.343696 4
105.343696 107.363832 2
107.363832 108.362290 9
108.362290 109.349138 2
109.349138 111.299614 9
111.299614 113.273310 4
113.273310 115.247006 2
115.247006 116.280294 9
116.280294 118.236499 2
118.236499 119.275668 4
119.275668 123.176583 9
123.176583 127.190204 156
