0.000000 0.413805 156
0.413805 1.946938 19
1.946938 3.560725 -1
3.560725 5.139682 19
5.139682 6.869569 5
6.869569 10.073922 0
10.073922 11.699319 10
11.699319 13.394376 21
13.394376 14.566984 19
14.566984 15.124263 -1
15.124263 16.749659 5
16.749659 18.409886 10
18.409886 20.058503 5
20.058503 21.811609 0
21.811609 23.506666 0
23.506666 25.255699 19
25.255699 26.989659 19
26.989659 28.603446 5
28.603446 30.194013 0
30.194013 31.919068 19
31.919068 33.723446 19
33.723446 35.395283 5
35.395283 38.843060 0
38.843060 42.024580 48
42.024580 43.731247 10
43.731247 45.345034 21
45.345034 47.074920 19
47.074920 48.851247 5
48.851247 50.592743 10
50.592743 52.345850 5
52.345850 54.084559 0
54.084559 55.852063 0
55.852063 57.653457 19
57.653457 59.369886 19
59.369886 61.053333 5
61.053333 62.771609 0
62.771609 64.393417 19
64.393417 66.103673 19
66.103673 67.868390 5
67.868390 74.660226 0
74.660226 76.332063 10
76.332063 78.050340 5
78.050340 79.838276 0
79.838276 84.865396 19
84.865396 86.572063 10
86.572063 88.290340 5
88.290340 90.066666 0
90.066666 91.843648 19
91.843648 93.526439 10
93.526439 100.271836 0
100.271836 101.932063 10
101.932063 103.673560 21
103.673560 105.473106 19
105.473106 107.319092 5
107.319092 109.048979 10
109.048979 110.860136 5
110.860136 114.436009 0
114.436009 116.321738 19
116.321738 118.058321 19
118.058321 119.764988 5
119.764988 121.367165 0
121.367165 123.099992 19
123.099992 124.838548 19
124.838548 126.533605 5
126.533605 128.379591 0
128.379591 130.146313 19
130.146313 131.827755 19
131.827755 133.592471 5
133.592471 135.403628 0
135.403628 137.192634 19
137.192634 139.002721 19
139.002721 140.628117 5
140.628117 142.381224 0
142.381224 144.162365 19
144.162365 145.945487 19
145.945487 147.675374 5
147.675374 158.190121 0
158.190121 158.936878 -1
158.936878 159.702782 -1
159.702782 181.779978 108
181.779978 184.346122 156
