0.000000 0.402100 156
0.402100 1.724648 8
1.724648 3.129455 3
3.129455 3.802834 8
3.802834 4.464603 1
4.464603 5.172811 8
5.172811 5.822970 1
5.822970 6.531179 8
6.531179 7.192947 1
7.192947 7.924376 8
7.924376 8.597755 1
8.597755 10.014172 22
10.014172 11.395759 17
11.395759 12.765736 3
12.765736 13.479918 8
13.479918 14.193764 1
14.193764 15.586961 22
15.586961 16.968548 17
16.968548 18.361746 3
18.361746 19.778163 17
19.778163 21.182970 22
21.182970 21.879569 8
21.879569 22.552947 1
22.552947 23.946145 3
23.946145 24.631133 8
24.631133 25.350952 1
25.350952 26.732539 22
26.732539 28.102517 1
28.102517 28.787505 8
28.787505 29.495714 1
29.495714 30.203922 8
30.203922 30.877301 1
30.877301 31.573900 8
31.573900 32.270498 1
32.270498 32.914744 8
32.914744 33.584910 1
33.584910 35.056893 22
35.056893 36.461700 17
36.461700 37.808458 3
37.808458 38.528276 8
38.528276 39.213265 1
39.213265 40.618072 22
40.618072 41.976439 17
41.976439 43.392857 3
43.392857 44.751224 17
44.751224 46.167641 22
46.167641 46.841020 8
46.841020 47.560839 1
47.560839 48.988866 3
48.988866 49.685464 8
49.685464 50.370453 1
50.370453 51.752040 22
51.752040 53.156848 1
53.156848 53.853446 8
53.853446 54.573265 1
54.573265 55.269863 8
55.269863 55.966462 1
55.966462 56.674671 8
56.674671 57.359659 1
57.359659 58.764467 8
58.764467 61.585691 1
61.585691 64.395306 8
64.395306 67.170090 1
67.170090 68.551678 111
68.551678 69.956485 3
69.956485 70.699523 8
70.699523 71.407732 1
71.407732 72.800929 22
72.800929 74.182517 17
74.182517 75.598934 3
75.598934 76.376802 8
76.376802 77.038571 1
77.038571 78.431768 22
78.431768 79.824965 17
79.824965 81.229773 3
81.229773 82.634580 17
82.634580 84.062607 22
84.062607 84.770816 8
84.770816 85.455804 1
85.455804 86.849002 3
86.849002 87.568820 8
87.568820 88.253809 1
88.253809 89.658616 22
89.658616 91.086643 1
91.086643 91.771632 8
91.771632 92.526281 1
92.526281 93.211269 8
93.211269 93.931088 1
93.931088 94.604467 8
94.604467 95.301065 1
95.301065 96.740702 8
96.740702 99.503877 1
99.503877 102.278662 8
102.278662 105.076666 1
105.076666 106.446643 111
106.446643 107.828231 3
107.828231 108.548049 8
108.548049 109.256258 1
109.256258 110.672675 22
110.672675 112.054263 17
112.054263 113.424240 3
113.424240 114.144058 8
114.144058 114.852267 1
114.852267 116.210634 22
116.210634 117.627052 17
117.627052 119.055079 3
119.055079 120.448276 17
120.448276 121.841473 22
121.841473 122.572902 8
122.572902 123.257891 1
123.257891 124.616258 3
124.616258 125.359297 8
125.359297 126.067505 1
126.067505 127.449092 22
127.449092 128.853900 1
128.853900 129.585328 8
129.585328 130.316757 1
130.316757 131.001746 8
131.001746 131.698344 1
131.698344 132.371723 8
132.371723 133.114761 1
133.114761 133.811360 8
133.811360 134.531179 1
134.531179 135.204557 8
135.204557 135.866326 1
135.866326 136.586145 8
136.586145 137.271133 1
137.271133 138.002562 8
138.002562 138.699160 1
138.699160 139.418979 8
139.418979 140.092358 1
140.092358 140.823786 8
140.823786 141.485555 1
141.485555 142.205374 8
142.205374 147.826939 156
