0.000000 0.210624 156
0.210624 0.708462 -1
0.708462 2.490907 45
2.490907 4.185963 81
4.185963 5.892630 16
5.892630 7.610907 16
7.610907 9.282743 45
9.282743 10.977800 81
10.977800 12.638027 16
12.638027 14.356303 16
14.356303 19.580793 14
19.580793 23.017346 21
23.017346 26.453900 14
26.453900 29.925283 21
29.925283 33.454716 14
33.454716 36.868049 21
36.868049 41.175351 14
41.175351 44.693174 21
44.693174 53.783786 57
53.783786 56.372811 48
56.372811 58.961836 21
58.961836 67.994399 57
67.994399 70.641473 48
70.641473 73.182170 21
73.182170 74.403106 9
74.403106 76.667052 0
76.667052 77.804829 9
77.804829 80.428684 7
80.428684 81.566462 9
81.566462 83.828242 0
83.828242 84.886916 9
84.886916 87.487551 7
87.487551 88.613718 9
88.613718 90.877664 0
90.877664 91.957392 9
91.957392 94.511587 7
94.511587 96.195034 0
96.195034 97.773990 21
97.773990 99.352947 5
99.352947 100.908684 7
100.908684 102.557301 0
102.557301 104.182698 21
104.182698 105.831315 5
105.831315 107.479931 7
107.479931 108.720136 0
108.720136 110.022517 21
110.022517 111.195124 5
111.195124 112.495442 7
112.495442 113.679659 0
113.679659 114.887097 21
114.887097 116.106145 5
116.106145 117.301972 7
117.301972 118.567460 0
118.567460 119.751678 21
119.751678 121.005555 5
121.005555 122.236213 7
122.236213 123.908049 0
123.908049 125.637936 21
125.637936 127.309773 5
127.309773 128.958390 7
128.958390 130.653446 0
130.653446 132.302063 21
132.302063 134.008730 5
134.008730 135.692176 7
135.692176 140.428581 17
140.428581 141.596585 156
141.596585 142.190161 -1
142.190161 143.853990 0
143.853990 145.514217 21
145.514217 147.232494 5
147.232494 148.904331 7
148.904331 150.645827 0
150.645827 152.306054 21
152.306054 154.024331 5
154.024331 155.672947 7
155.672947 160.839934 0
160.839934 163.474286 156
