0.000000 0.440395 156
0.440395 1.014823 2
1.014823 2.353197 7
2.353197 3.583854 2
3.583854 6.126439 7
6.126439 6.788208 0
6.788208 8.715464 2
8.715464 9.980952 7
9.980952 11.223219 2
11.223219 12.604807 16
12.604807 13.196916 16
13.196916 14.415963 7
14.415963 15.669841 2
15.669841 16.981768 16
16.981768 17.573877 16
17.573877 18.781315 21
18.781315 19.977142 7
19.977142 21.207800 2
21.207800 22.484897 90
22.484897 23.703945 2
23.703945 24.934603 2
24.934603 26.153650 7
26.153650 26.757369 2
26.757369 27.953197 7
27.953197 29.172244 2
29.172244 30.472562 16
30.472562 31.064671 16
31.064671 32.237278 7
32.237278 33.444716 2
33.444716 34.698594 16
34.698594 35.267482 16
35.267482 36.405260 21
36.405260 37.612698 7
37.612698 38.820136 2
38.820136 40.062403 50
40.062403 41.258231 2
41.258231 42.454058 2
42.454058 43.661496 7
43.661496 44.276825 2
44.276825 45.461043 7
45.461043 46.645260 2
46.645260 47.875918 16
47.875918 48.479637 16
48.479637 49.629024 7
49.629024 50.836462 2
50.836462 52.078730 16
52.078730 52.682448 16
52.682448 53.866666 21
53.866666 55.016054 7
55.016054 56.025910 2
56.025910 57.372879 50
57.372879 58.591927 2
58.591927 59.845804 2
59.845804 61.053242 7
61.053242 61.597865 2
61.597865 62.748299 7
62.748299 63.978956 9
63.978956 66.393832 2
66.393832 67.543219 7
67.543219 68.692607 9
68.692607 71.072653 2
71.072653 72.198820 7
72.198820 73.371428 11
73.371428 74.544036 16
74.544036 75.705034 31
75.705034 76.889251 0
76.889251 78.061859 2
78.061859 79.234467 7
79.234467 80.407074 7
80.407074 81.614512 2
81.614512 82.740680 16
82.740680 83.344399 16
83.344399 84.493786 7
84.493786 85.678004 2
85.678004 86.885442 16
86.885442 87.442721 16
87.442721 88.580498 21
88.580498 89.695056 7
89.695056 90.890884 2
90.890884 92.017052 50
92.017052 93.166439 2
93.166439 94.315827 2
94.315827 95.511655 7
95.511655 96.057324 2
96.057324 97.183492 7
97.183492 98.344489 9
98.344489 100.678095 2
100.678095 101.827482 7
101.827482 103.000090 9
103.000090 105.298866 2
105.298866 106.448253 7
106.448253 107.586031 11
107.586031 108.723809 16
108.723809 109.826757 16
109.826757 111.022585 0
111.022585 112.183582 2
112.183582 113.309750 7
113.309750 114.482358 7
114.482358 115.631746 2
115.631746 116.850793 16
116.850793 117.384852 16
117.384852 118.557460 7
118.557460 119.718458 2
119.718458 120.925895 16
120.925895 121.448344 16
121.448344 122.586122 21
122.586122 123.654240 7
123.654240 124.826848 2
124.826848 126.022675 50
126.022675 127.114013 2
127.114013 128.333061 2
128.333061 129.459229 7
129.459229 130.028117 2
130.028117 131.177505 7
131.177505 132.338503 9
132.338503 134.683718 2
134.683718 135.833106 7
135.833106 136.924444 9
136.924444 139.234829 2
139.234829 140.360997 7
140.360997 141.487165 11
141.487165 143.762721 16
143.762721 144.912108 0
144.912108 146.061496 2
146.061496 147.199274 7
147.199274 148.348662 7
148.348662 149.521269 9
149.521269 151.785215 2
151.785215 152.957823 7
152.957823 154.025941 9
154.025941 156.336326 2
156.336326 157.474104 7
157.474104 158.577052 11
158.577052 159.749659 16
159.749659 160.829387 16
160.829387 161.967165 0
161.967165 163.104943 2
163.104943 224.754660 7
224.754660 228.310204 156
