0.000000 0.437136 156
0.437136 1.698959 7
1.698959 2.372338 7
2.372338 3.010887 40
3.010887 4.241544 110
4.241544 4.845263 29
4.845263 5.483812 0
5.483812 6.726079 50
6.726079 7.329798 2
7.329798 7.633093 21
7.633093 7.968347 21
7.968347 10.452882 7
10.452882 17.860048 7
17.860048 20.332973 2
20.332973 21.586850 16
21.586850 22.829118 11
22.829118 24.071385 21
24.071385 25.325263 2
25.325263 26.567531 7
26.567531 27.821408 29
27.821408 30.294333 7
30.294333 37.713109 7
37.713109 40.162814 2
40.162814 41.416692 16
41.416692 42.624129 11
42.624129 43.901227 21
43.901227 45.131884 2
45.131884 46.350932 7
46.350932 47.639639 29
47.639639 50.135784 7
50.135784 52.620320 7
52.620320 53.885807 16
53.885807 55.151295 9
55.151295 56.381952 0
56.381952 57.601000 2
57.601000 60.155195 7
60.155195 61.374243 16
61.374243 62.651340 9
62.651340 63.905218 0
63.905218 65.112655 2
65.112655 72.693970 7
72.693970 75.201726 50
75.201726 76.467213 16
76.467213 77.744311 11
77.744311 79.009798 21
79.009798 80.275286 2
80.275286 81.494333 7
81.494333 82.783041 29
82.783041 85.232746 7
85.232746 92.848891 7
92.848891 94.097348 50
94.097348 95.345036 50
95.345036 96.633744 16
96.633744 97.922451 11
97.922451 99.141499 21
99.141499 100.395376 2
100.395376 101.695694 7
101.695694 102.984401 29
102.984401 105.538596 7
105.538596 108.069571 7
108.069571 109.346669 16
109.346669 110.635376 9
110.635376 111.854424 0
111.854424 113.108301 2
113.108301 115.650887 7
115.650887 116.904764 16
116.904764 118.181862 9
118.181862 119.424129 0
119.424129 120.643177 2
120.643177 128.212882 7
128.212882 129.439159 50
129.439159 130.767077 50
130.767077 132.044175 16
132.044175 133.309662 11
133.309662 134.563540 21
134.563540 135.829027 2
135.829027 137.094515 7
137.094515 138.383222 29
138.383222 140.879367 7
140.879367 142.214515 7
142.214515 142.818432 55
142.818432 143.468392 16
143.468392 144.710660 50
144.710660 145.337599 50
145.337599 146.034197 50
146.034197 147.299685 2
147.299685 147.938233 2
147.938233 148.553562 50
148.553562 151.631763 7
151.631763 156.186122 156
