0.000000 0.287214 156
0.287214 1.744648 9
1.744648 3.195895 57
3.195895 4.728412 42
4.728412 6.144829 14
6.144829 7.572857 9
7.572857 9.037672 57
9.037672 10.463741 42
10.463741 11.856938 101
11.856938 13.215306 9
13.215306 14.689773 57
14.689773 16.106190 42
16.106190 18.788095 5
18.788095 20.204512 9
20.204512 21.562879 57
21.562879 22.956077 42
22.956077 24.360884 101
24.360884 25.684421 9
25.684421 27.077619 57
27.077619 29.794353 42
29.794353 31.106281 14
31.106281 32.453038 14
32.453038 35.111723 10
35.111723 37.712358 0
37.712358 40.289773 65
40.289773 42.820748 10
42.820748 45.282063 0
45.282063 47.720158 7
47.720158 50.506553 2
50.506553 51.853310 7
51.853310 53.176848 0
53.176848 55.719433 2
55.719433 57.054580 7
57.054580 58.331678 0
58.331678 60.804603 2
60.804603 62.093310 7
62.093310 63.382018 0
63.382018 65.901383 2
65.901383 68.467188 2
68.467188 69.860385 9
69.860385 71.149092 57
71.149092 72.495850 42
72.495850 73.935487 101
73.935487 75.270634 9
75.270634 76.570952 57
76.570952 77.848049 42
77.848049 80.506734 5
80.506734 81.795442 9
81.795442 83.118979 57
83.118979 84.500566 42
84.500566 85.754444 101
85.754444 87.089591 9
87.089591 88.424739 57
88.424739 91.025374 18
91.025374 92.360521 14
92.360521 93.637619 14
93.637619 96.191814 10
96.191814 98.676349 0
98.676349 101.102834 65
101.102834 103.506099 10
103.506099 105.932585 0
105.932585 108.347460 7
108.347460 111.064195 2
111.064195 112.341292 7
112.341292 113.688049 0
113.688049 116.230634 2
116.230634 117.530952 7
117.530952 118.808049 0
118.808049 121.362244 2
121.362244 122.616122 7
122.616122 123.881609 0
123.881609 126.400975 2
126.400975 128.931950 2
128.931950 130.371587 9
130.371587 131.660294 57
131.660294 133.007052 42
133.007052 134.342199 101
134.342199 135.723786 9
135.723786 137.070544 57
137.070544 138.405691 18
138.405691 140.936666 5
140.936666 142.283424 9
142.283424 143.548911 57
143.548911 144.860839 42
144.860839 146.195986 101
146.195986 147.507913 9
147.507913 148.819841 57
148.819841 151.397256 18
151.397256 153.951451 -1
153.951451 155.170498 7
155.170498 156.447596 0
156.447596 158.920521 2
158.920521 160.162789 7
160.162789 161.428276 0
161.428276 163.808321 2
163.808321 165.097029 7
165.097029 166.339297 0
166.339297 168.742562 2
168.742562 171.215487 2
171.215487 173.711632 9
173.711632 174.953900 7
174.953900 176.172947 0
176.172947 178.576213 2
178.576213 179.853310 7
179.853310 181.049138 0
181.049138 183.510453 2
183.510453 184.729501 7
184.729501 185.971768 0
185.971768 188.409863 2
188.409863 190.871179 2
190.871179 193.355714 9
193.355714 194.597981 7
194.597981 195.828639 0
195.828639 198.243514 2
198.243514 199.462562 7
199.462562 200.704829 0
200.704829 203.142925 2
203.142925 204.373582 7
204.373582 205.581020 0
205.581020 208.457143 156
