0.000000 0.536133 156
0.536133 3.059795 65
3.059795 5.544331 0
5.544331 7.994036 7
7.994036 10.455351 21
10.455351 12.916666 7
12.916666 15.354761 21
15.354761 17.816077 7
17.816077 19.081564 7
19.081564 20.323832 14
20.323832 21.542879 5
21.542879 22.808367 0
22.808367 24.050634 0
24.050634 25.316122 21
25.316122 26.523560 0
26.523560 27.777437 5
27.777437 29.008095 8
29.008095 30.250362 0
30.250362 31.469410 0
31.469410 32.688458 21
32.688458 33.930725 0
33.930725 35.161383 5
35.161383 36.368820 10
36.368820 38.818526 0
38.818526 41.268231 65
41.268231 43.729546 0
43.729546 46.179251 7
46.179251 48.605736 21
48.605736 51.020612 7
51.020612 53.493537 21
53.493537 55.885192 7
55.885192 57.081020 7
57.081020 58.300068 14
58.300068 59.553945 5
59.553945 60.774518 0
60.774518 62.061700 0
62.061700 63.280748 21
63.280748 64.488185 0
64.488185 65.718843 5
65.718843 66.949501 8
66.949501 68.156938 0
68.156938 69.387596 0
69.387596 70.595034 21
70.595034 71.802471 0
71.802471 72.998299 5
72.998299 74.228956 10
74.228956 76.690272 0
76.690272 79.035487 65
79.035487 81.403922 0
81.403922 83.795578 7
83.795578 86.222063 21
86.222063 88.636938 7
88.636938 91.063424 21
91.063424 93.420249 7
93.420249 94.650907 7
94.650907 95.823514 14
95.823514 97.054172 5
97.054172 98.284829 0
98.284829 99.492267 0
99.492267 100.688095 21
100.688095 101.918752 0
101.918752 103.126190 5
103.126190 104.333628 8
104.333628 105.564285 0
105.564285 106.794943 0
106.794943 108.002380 21
108.002380 109.198208 0
109.198208 110.394036 5
110.394036 111.601473 10
111.601473 114.004739 0
114.004739 116.419614 65
116.419614 118.822879 0
118.822879 121.202925 7
121.202925 123.559750 21
123.559750 125.951405 7
125.951405 128.343061 21
128.343061 130.723106 7
130.723106 131.965374 7
131.965374 133.068321 14
133.068321 134.287369 5
134.287369 135.494807 0
135.494807 136.702244 0
136.702244 137.909682 21
137.909682 139.140340 0
139.140340 140.336167 5
140.336167 141.578435 8
141.578435 142.762653 0
142.762653 143.993310 0
143.993310 145.177528 21
145.177528 146.419795 0
146.419795 147.604013 5
147.604013 148.799841 10
148.799841 150.018888 0
150.018888 151.214716 0
151.214716 152.410544 21
152.410544 153.594761 0
153.594761 154.802199 5
154.802199 155.963197 8
155.963197 157.205464 8
157.205464 158.412902 8
158.412902 159.643560 8
159.643560 160.839387 53
160.839387 165.634308 0
165.634308 205.530459 0
205.530459 211.487347 156
