0.000000 0.426857 156
0.426857 0.656213 4
0.656213 2.557446 9
2.557446 3.509465 2
3.509465 4.461483 4
4.461483 6.319079 9
6.319079 7.282707 2
7.282707 8.269555 4
8.269555 10.161982 9
10.161982 11.137220 2
11.137220 12.089238 4
12.089238 14.062934 9
14.062934 15.014952 2
15.014952 15.966970 4
15.966970 17.894226 9
17.894226 18.881075 2
18.881075 19.856313 4
19.856313 21.771959 9
21.771959 22.747197 2
22.747197 23.734045 4
23.734045 25.672911 9
25.672911 26.636539 2
26.636539 27.623387 4
27.623387 29.550644 9
29.550644 30.537492 2
30.537492 31.512730 4
31.512730 33.463206 9
33.463206 34.450054 2
34.450054 35.436902 4
35.436902 37.364158 9
37.364158 38.362617 2
38.362617 39.361075 4
39.361075 41.299941 9
41.299941 42.321619 2
42.321619 43.296857 4
43.296857 45.247333 9
45.247333 46.269011 2
46.269011 47.197809 4
47.197809 49.194725 9
49.194725 50.158353 2
50.158353 51.145202 4
51.145202 53.142118 9
53.142118 54.140576 2
54.140576 55.115814 4
55.115814 57.077900 9
57.077900 58.064748 2
58.064748 59.063206 4
59.063206 61.066477 9
61.066477 62.025456 2
62.025456 62.964158 4
62.964158 64.914635 9
64.914635 65.901483 2
65.901483 66.888331 4
66.888331 68.838807 9
68.838807 69.790825 2
69.790825 70.800893 4
70.800893 72.751369 9
72.751369 73.726607 2
73.726607 74.725065 4
74.725065 76.752649 9
76.752649 77.745879 2
77.745879 78.660848 4
78.660848 80.611324 9
80.611324 81.621392 2
81.621392 82.585020 4
82.585020 84.547106 9
84.547106 85.522344 2
85.522344 86.520802 4
86.520802 88.482889 9
88.482889 89.492957 2
89.492957 90.479805 4
90.479805 92.453501 9
92.453501 93.417129 2
93.417129 94.427197 4
94.427197 96.412503 9
96.412503 97.387741 2
97.387741 98.409419 4
98.409419 100.406335 9
100.406335 101.393183 2
101.393183 102.356812 4
102.356812 104.353728 9
104.353728 105.352186 2
105.352186 106.350644 4
106.350644 108.347560 9
108.347560 109.311188 2
109.311188 110.309646 4
110.309646 112.318172 9
112.318172 113.305020 2
113.305020 114.303478 4
114.303478 116.323614 9
116.323614 117.322072 2
117.322072 118.285700 4
118.285700 120.282617 9
120.282617 121.292685 2
121.292685 122.256313 4
122.256313 124.241619 9
124.241619 125.251687 2
125.251687 126.226925 4
126.226925 128.258671 9
128.258671 129.245519 2
129.245519 133.024226 4
133.024226 134.739592 156
