0.000000 1.072266 156
1.072266 1.773285 6
1.773285 5.216719 13
5.216719 8.757762 4
8.757762 10.510869 13
10.510869 11.404837 9
11.404837 12.263975 151
12.263975 14.017082 4
14.017082 15.770189 4
15.770189 17.488465 4
17.488465 19.253182 0
19.253182 21.041118 4
21.041118 22.829055 4
22.829055 24.616991 0
24.616991 26.370098 4
26.370098 28.158034 4
28.158034 31.687468 13
31.687468 35.298170 4
35.298170 37.074497 13
37.074497 37.980075 9
37.980075 38.839214 151
38.839214 42.415087 4
42.415087 44.203023 4
44.203023 45.967740 107
45.967740 47.802116 23
47.802116 49.601663 49
49.601663 51.401209 9
51.401209 53.212366 11
53.212366 54.988692 42
54.988692 56.683749 11
56.683749 58.471685 4
58.471685 60.271232 0
60.271232 62.082388 4
62.082388 63.870325 4
63.870325 65.716311 0
65.716311 67.492638 4
67.492638 69.303794 4
69.303794 72.914497 13
72.914497 76.513590 4
76.513590 78.301527 13
78.301527 79.207105 9
79.207105 80.112683 151
80.112683 81.900619 4
81.900619 83.734996 4
83.734996 85.511322 4
85.511322 87.322479 107
87.322479 89.180075 23
89.180075 91.037672 49
91.037672 92.802388 9
92.802388 94.625155 11
94.625155 96.424701 42
96.424701 98.131368 11
98.131368 99.930914 4
99.930914 101.718851 0
101.718851 103.530007 4
103.530007 105.341164 4
105.341164 107.175540 0
107.175540 108.975087 4
108.975087 110.797853 4
110.797853 114.420166 13
114.420166 118.019259 4
118.019259 119.900075 13
119.900075 120.948017 9
120.948017 122.996812 151
122.996812 124.079667 4
124.079667 124.799486 55
124.799486 125.751504 54
125.751504 126.715132 53
126.715132 130.062280 28
130.062280 133.746939 156
