0.000000 0.447551 156
0.447551 5.915850 4
5.915850 7.285827 4
7.285827 8.690634 23
8.690634 10.037392 9
10.037392 11.407369 9
11.407369 12.800566 13
12.800566 14.216984 13
14.216984 16.991768 6
16.991768 19.824603 9
19.824603 22.599387 11
22.599387 25.350952 9
25.350952 28.195396 11
28.195396 29.576984 4
29.576984 31.005011 23
31.005011 32.386598 18
32.386598 33.826235 18
33.826235 36.629380 13
36.629380 39.561564 6
39.561564 42.371179 9
42.371179 45.111133 11
45.111133 47.920748 9
47.920748 50.753582 11
50.753582 64.778435 4
64.778435 67.530000 23
67.530000 70.397664 13
70.397664 73.207278 54
73.207278 76.167823 13
76.167823 77.642290 54
77.642290 79.209637 4
79.209637 80.649274 23
80.649274 82.158571 18
82.158571 83.598208 18
83.598208 86.523922 13
86.523922 89.426417 6
89.426417 92.294081 9
92.294081 95.161746 11
95.161746 97.994580 9
97.994580 100.931904 11
100.931904 102.359931 4
102.359931 103.776349 23
103.776349 106.794943 18
106.794943 109.674217 13
109.674217 112.495442 54
112.495442 115.293446 9
115.293446 118.219160 11
118.219160 121.179705 9
121.179705 124.175079 11
124.175079 138.095442 4
138.095442 140.916666 23
140.916666 143.853990 13
143.853990 146.663605 54
146.663605 149.519659 13
149.519659 150.982517 6
150.982517 152.515034 4
152.515034 153.954671 23
153.954671 155.417528 18
155.417528 156.810725 18
156.810725 159.666780 13
159.666780 162.534444 6
162.534444 165.367278 9
165.367278 168.188503 11
168.188503 171.114217 9
171.114217 174.016712 11
174.016712 187.774535 4
187.774535 190.549319 23
190.549319 193.429168 13
193.429168 196.261428 54
196.261428 199.105873 13
199.105873 201.961927 54
201.961927 204.910861 13
204.910861 207.801746 6
207.801746 210.982879 9
210.982879 213.840522 4
213.840522 215.066122 156
