0.000000 0.459543 156
0.459543 7.639897 10
7.639897 14.977403 10
14.977403 18.646156 51
18.646156 22.338129 10
22.338129 24.184115 53
24.184115 26.041712 51
26.041712 27.910918 10
27.910918 29.780124 5
29.780124 37.106020 10
37.106020 40.797993 51
40.797993 44.466746 10
44.466746 46.324342 53
46.324342 48.170328 51
48.170328 49.981485 10
49.981485 51.839081 58
51.839081 55.589104 3
55.589104 59.292687 10
59.292687 63.042709 3
63.042709 66.734682 5
66.734682 74.118628 10
74.118628 77.857040 51
77.857040 81.525793 10
81.525793 83.395000 53
83.395000 85.252596 51
85.252596 87.110192 10
87.110192 88.944569 58
88.944569 92.659761 3
92.659761 96.363344 10
96.363344 100.113367 3
100.113367 103.793730 5
103.793730 111.224115 10
111.224115 114.927698 51
114.927698 118.642891 10
118.642891 120.512097 53
120.512097 122.369693 51
122.369693 124.536063 10
124.536063 126.050056 5
126.050056 137.230929 10
137.230929 139.011657 3
139.011657 139.773049 15
139.773049 146.494694 156
