0.000000 0.403805 156
0.403805 1.981768 1
1.981768 3.560725 25
3.560725 6.788299 17
6.788299 10.050702 68
10.050702 11.652879 1
11.652879 13.197006 22
13.197006 16.354920 17
16.354920 19.501224 39
19.501224 21.925720 8
21.925720 23.471836 56
23.471836 25.062403 1
25.062403 26.676190 22
26.676190 29.834104 17
29.834104 31.447891 39
31.447891 34.617414 18
34.617414 41.037732 1
41.037732 44.311746 8
44.311746 50.551398 8
50.551398 53.715827 6
53.715827 56.862131 1
56.862131 63.244560 8
63.244560 66.403916 6
66.403916 69.482176 1
69.482176 71.026303 1
71.026303 72.558820 22
72.558820 75.705124 17
75.705124 78.897868 39
78.897868 80.421672 8
80.421672 81.986122 56
81.986122 83.565079 1
83.565079 85.120816 22
85.120816 88.278730 17
88.278730 91.436643 39
91.436643 94.590904 8
94.590904 95.407256 56
95.407256 101.757913 1
101.757913 104.973877 8
104.973877 111.301315 8
111.301315 114.424399 6
114.424399 117.524263 1
117.524263 123.770430 8
123.770430 126.916734 6
126.916734 129.981768 1
129.981768 131.549115 1
131.549115 133.093242 22
133.093242 136.135056 17
136.135056 137.725623 39
137.725623 140.790657 18
140.790657 142.311564 1
142.311564 143.925351 22
143.925351 146.990385 17
146.990385 150.078639 39
150.078639 151.612490 8
151.612490 153.201723 56
153.201723 159.529160 1
159.529160 162.687074 8
162.687074 168.875192 8
168.875192 171.963446 6
171.963446 175.098140 1
175.098140 181.286258 8
181.286258 184.490612 6
184.490612 187.451156 1
187.451156 222.784161 1
222.784161 228.571429 156
