0.000000 0.412721 156
0.412721 2.908866 15
2.908866 5.149591 20
5.149591 6.310589 6
6.310589 7.459977 11
7.459977 8.620975 6
8.620975 9.689092 58
9.689092 12.045918 15
12.045918 14.367913 20
14.367913 15.552131 6
15.552131 16.713129 11
16.713129 17.850907 6
17.850907 21.368730 11
21.368730 23.667505 6
23.667505 25.943061 20
25.943061 28.253446 22
28.253446 30.552222 20
30.552222 35.231043 35
35.231043 37.599478 15
37.599478 39.840204 20
39.840204 41.012811 6
41.012811 42.197029 11
42.197029 43.323197 6
43.323197 44.472585 58
44.472585 46.806190 15
46.806190 49.151405 20
49.151405 50.289183 6
50.289183 51.450181 11
51.450181 52.622789 6
52.622789 56.105782 11
56.105782 58.358117 6
58.358117 60.691723 20
60.691723 62.978888 46
62.978888 65.312494 20
65.312494 70.037755 35
70.037755 74.658526 15
74.658526 77.015351 13
77.015351 79.267687 51
79.267687 81.589682 20
81.589682 83.911678 4
83.911678 86.268503 51
86.268503 88.555668 20
88.555668 89.728276 6
89.728276 90.889274 11
90.889274 92.038662 6
92.038662 93.199659 58
93.199659 95.533265 15
95.533265 97.855260 20
97.855260 99.016258 6
99.016258 100.177256 11
100.177256 101.326643 6
101.326643 104.844467 11
104.844467 107.247732 6
107.247732 109.511678 20
109.511678 111.891723 22
111.891723 114.155668 20
114.155668 116.512494 35
116.512494 118.846099 44
118.846099 123.524920 15
123.524920 125.904965 13
125.904965 128.157301 51
128.157301 130.560566 20
130.560566 132.750388 4
132.750388 135.239387 51
135.239387 137.538163 20
137.538163 138.675941 6
138.675941 139.860158 11
139.860158 141.009546 6
141.009546 142.193764 58
142.193764 144.538979 15
144.538979 146.837755 20
146.837755 147.975532 6
147.975532 149.171360 11
149.171360 150.343968 6
150.343968 153.861791 11
153.861791 156.253446 6
156.253446 158.575442 20
158.575442 160.920657 22
160.920657 163.231043 20
163.231043 165.564648 35
165.564648 165.971494 44
165.971494 167.933083 15
167.933083 176.349499 15
176.349499 181.681633 156
