0.000000 0.223884 9
0.223884 1.635324 2
1.635324 2.131761 11
2.131761 3.884104 4
3.884104 5.811360 9
5.811360 7.715396 87
7.715396 11.244829 9
11.244829 11.744058 9
11.744058 13.183696 2
13.183696 13.706145 11
13.706145 15.377981 4
15.377981 17.305238 9
17.305238 19.186054 87
19.186054 19.568859 9
19.568859 34.752914 156
34.752914 36.728730 57
36.728730 38.690816 50
38.690816 40.652902 57
40.652902 42.626598 50
42.626598 44.588684 57
44.588684 46.562380 50
46.562380 48.478027 57
48.478027 50.382063 50
50.382063 52.297709 57
52.297709 54.259795 50
54.259795 56.221882 57
56.221882 58.195578 50
58.195578 60.111224 57
60.111224 62.073310 50
62.073310 63.988956 57
63.988956 65.916213 50
65.916213 67.843469 57
67.843469 69.724285 50
69.724285 71.686371 57
71.686371 73.532358 50
73.532358 75.506054 57
75.506054 77.375260 50
77.375260 79.290907 57
79.290907 81.264603 50
81.264603 83.215518 57
83.215518 85.142335 50
85.142335 87.081201 57
87.081201 88.996848 50
88.996848 92.921425 9
92.921425 96.856802 9
96.856802 100.792585 7
100.792585 101.547233 5
101.547233 102.255442 60
102.255442 103.021700 38
103.021700 103.822789 21
103.822789 105.448185 14
105.448185 107.212902 7
107.212902 110.742335 0
110.742335 114.109229 2
114.109229 115.862335 3
115.862335 117.615442 5
117.615442 123.406354 0
123.406354 139.833469 156
