0.000000 1.129709 156
1.129709 3.044470 156
3.044470 5.208150 2
5.208150 7.158117 2
7.158117 9.050544 7
9.050544 11.035850 2
11.035850 12.997936 7
12.997936 14.983242 2
14.983242 16.933718 7
16.933718 20.741791 -1
20.741791 22.680657 23
22.680657 24.654353 55
24.654353 26.581609 23
26.581609 28.508866 55
28.508866 30.494172 23
30.494172 31.434580 52
31.434580 32.421428 9
32.421428 33.431496 2
33.431496 34.406734 7
34.406734 36.345600 9
36.345600 38.307687 2
38.307687 40.304603 7
40.304603 42.278299 2
42.278299 44.251995 7
44.251995 46.225691 2
46.225691 48.176167 7
48.176167 52.077120 -1
52.077120 54.027596 23
54.027596 55.931632 55
55.931632 57.951768 23
57.951768 59.879024 55
59.879024 61.841111 23
61.841111 62.839569 52
62.839569 63.826417 9
63.826417 64.836485 2
64.836485 65.811723 7
65.811723 67.785419 57
67.785419 69.747505 2
69.747505 71.686371 7
71.686371 73.636848 2
73.636848 75.622154 7
75.622154 77.584240 2
77.584240 79.523106 7
79.523106 83.424058 45
83.424058 85.409365 23
85.409365 87.301791 55
87.301791 89.310317 23
89.310317 91.272403 55
91.272403 93.246099 23
93.246099 94.198117 52
94.198117 95.196575 9
95.196575 96.195034 2
96.195034 97.158662 7
97.158662 99.085918 9
99.085918 101.071224 2
101.071224 103.033310 7
103.033310 104.960566 2
104.960566 106.980702 7
106.980702 108.919569 2
108.919569 110.881655 7
110.881655 114.782607 -1
114.782607 116.721473 23
116.721473 118.660340 55
118.660340 120.657256 23
120.657256 122.596122 55
122.596122 124.581428 23
124.581428 125.545056 52
125.545056 126.555124 9
126.555124 127.518752 2
127.518752 128.493990 7
128.493990 130.479297 57
130.479297 131.500975 2
131.500975 132.464603 7
132.464603 134.415079 57
134.415079 135.425147 2
135.425147 136.400385 7
136.400385 138.374081 57
138.374081 139.360929 2
139.360929 140.278117 7
140.278117 142.251814 57
142.251814 143.238662 2
143.238662 144.190680 7
144.190680 146.175986 57
146.175986 150.282449 156
