0.000000 0.068255 156
0.068255 1.324154 5
1.324154 1.583525 21
1.583525 1.829649 93
1.829649 2.131347 -1
2.131347 10.737551 10
10.737551 12.873786 10
12.873786 17.111428 5
17.111428 21.407120 10
21.407120 23.508526 3
23.508526 24.599863 10
24.599863 25.633151 5
25.633151 27.780997 10
27.780997 29.905623 10
29.905623 30.962131 5
30.962131 32.041859 19
32.041859 33.109977 10
33.109977 34.143265 5
34.143265 36.256281 10
36.256281 38.335045 10
38.335045 39.437414 5
39.437414 40.505532 19
40.505532 41.538820 10
41.538820 42.606938 5
42.606938 44.631763 10
44.631763 46.809750 10
46.809750 50.954512 5
50.954512 55.168934 10
55.168934 57.293560 3
57.293560 58.324936 10
58.324936 59.383356 5
59.383356 61.519591 10
61.519591 63.620997 10
63.620997 64.689115 5
64.689115 65.745623 19
65.745623 66.790521 10
66.790521 67.881859 5
67.881859 69.971655 10
69.971655 72.061451 10
72.061451 73.141179 5
73.141179 74.197687 19
74.197687 75.254195 10
75.254195 76.299092 5
76.299092 78.423718 10
78.423718 82.580090 3
82.580090 83.648208 10
83.648208 84.681496 118
84.681496 85.749614 10
85.749614 86.794512 130
86.794512 91.032154 3
91.032154 93.133560 10
93.133560 95.234965 5
95.234965 97.347981 10
97.347981 101.597233 5
101.597233 105.823265 10
105.823265 107.936281 3
107.936281 109.004399 10
109.004399 110.060907 5
110.060907 112.197142 10
112.197142 114.321768 10
114.321768 115.362196 5
115.362196 116.434784 19
116.434784 117.491292 10
117.491292 118.559410 5
118.559410 120.684036 10
120.684036 122.808662 10
122.808662 123.876780 5
123.876780 124.910068 19
124.910068 126.024625 10
126.024625 127.046303 5
127.046303 129.159319 10
129.159319 133.431791 3
133.431791 134.499909 10
134.499909 135.510831 118
135.510831 136.581370 10
136.581370 137.651910 130
137.651910 141.860634 3
141.860634 143.962040 10
143.962040 146.098276 5
146.098276 148.234512 10
148.234512 152.483747 5
152.483747 156.767845 10
156.767845 158.892471 3
158.892471 159.948979 10
159.948979 161.005487 5
161.005487 163.130113 10
163.130113 165.277959 10
165.277959 166.377034 5
166.377034 167.421707 19
167.421707 168.482312 10
168.482312 169.527210 5
169.527210 171.651836 10
171.651836 173.788072 10
173.788072 174.856190 5
174.856190 175.924308 19
175.924308 176.980816 10
176.980816 178.037324 5
178.037324 182.286575 19
182.286575 182.530385 5
182.530385 182.820634 5
182.820634 183.076054 5
183.076054 183.377913 5
183.377913 187.314012 10
187.314012 188.839184 156
