0.000000 0.191476 156
0.191476 1.364739 4
1.364739 7.785056 64
7.785056 14.275034 64
14.275034 20.289002 42
20.289002 20.730181 71
20.730181 27.162108 64
27.162108 32.734897 42
32.734897 33.524376 71
33.524376 39.875034 64
39.875034 45.284923 42
45.284923 45.826177 43
45.826177 46.283741 44
46.283741 52.669229 64
52.669229 58.892176 -1
58.892176 62.096530 0
62.096530 65.242834 24
65.242834 68.412358 7
68.412358 71.605102 9
71.605102 74.763015 0
74.763015 77.967369 24
77.967369 81.171723 7
81.171723 84.306417 9
84.306417 87.499160 5
87.499160 90.680294 50
90.680294 93.907868 5
93.907868 97.123832 50
97.123832 100.363015 0
100.363015 103.544149 40
103.544149 106.725283 48
106.725283 109.906417 5
109.906417 115.490816 42
115.490816 116.257074 71
116.257074 122.735442 64
122.735442 128.250181 42
128.250181 129.004829 71
129.004829 135.529637 64
135.529637 141.055986 42
141.055986 141.810634 71
141.810634 146.311837 64
