0.000000 0.440395 156
0.440395 5.396961 -1
5.396961 7.893106 -1
7.893106 9.112154 16
9.112154 10.416301 57
10.416301 12.258458 14
12.258458 12.827346 14
12.827346 14.046394 34
14.046394 15.300272 48
15.300272 17.079669 5
17.079669 17.680317 5
17.680317 18.887755 14
18.887755 20.130022 7
20.130022 20.768571 10
20.768571 22.626167 5
22.626167 25.095075 5
25.095075 26.318140 117
26.318140 27.537188 9
27.537188 29.406394 14
29.406394 29.986893 21
29.986893 31.217551 10
31.217551 32.436598 0
32.436598 33.048777 10
33.048777 34.874693 5
34.874693 36.140181 38
36.140181 37.312789 55
37.312789 37.951337 10
37.951337 39.890204 5
39.890204 41.144081 40
41.144081 42.351519 9
42.351519 43.001678 14
43.001678 43.605396 14
43.605396 44.232335 10
44.232335 44.859274 10
44.859274 46.043492 19
46.043492 47.274149 0
47.274149 49.758684 5
49.758684 50.989342 40
50.989342 52.185170 9
52.185170 52.800498 14
52.800498 53.473877 14
53.473877 54.100816 10
54.100816 54.681315 10
54.681315 55.935192 19
55.935192 57.177460 0
57.177460 59.766485 5
59.766485 62.158140 5
62.158140 63.377188 117
63.377188 64.723945 9
64.723945 66.651201 14
66.651201 67.289750 21
67.289750 68.532018 10
68.532018 69.785895 0
69.785895 70.405766 10
70.405766 72.305260 5
72.305260 73.559138 38
73.559138 74.801405 55
74.801405 75.509614 10
75.509614 77.367210 5
77.367210 78.667528 40
78.667528 79.851746 9
79.851746 80.490294 14
80.490294 81.186893 14
81.186893 81.825442 10
81.825442 82.440770 10
82.440770 83.752698 19
83.752698 84.867256 0
84.867256 86.022774 5
86.022774 87.328571 53
87.328571 88.547619 40
88.547619 89.824716 9
89.824716 90.381995 14
90.381995 91.032154 14
91.032154 91.635873 10
91.635873 92.262811 10
92.262811 93.493469 19
93.493469 94.724126 0
94.724126 97.324761 5
97.324761 99.890566 5
99.890566 101.109614 40
101.109614 102.409931 9
102.409931 104.277891 14
104.277891 104.952517 14
104.952517 106.136734 34
106.136734 107.390612 60
107.390612 107.965937 34
107.965937 109.258010 5
109.258010 109.875147 5
109.875147 111.152244 14
111.152244 112.359682 7
112.359682 113.067891 10
113.067891 114.937097 5
114.937097 116.330294 5
116.330294 117.816371 7
117.816371 118.698730 10
118.698730 123.169140 5
123.169140 127.451429 156
