0.000000 0.344657 156
0.344657 3.810375 1
3.810375 4.691165 6
4.691165 5.571955 8
5.571955 7.314387 1
7.314387 10.733990 1
10.733990 16.004920 1
16.004920 17.769637 8
17.769637 22.947687 8
22.947687 24.642743 1
24.642743 28.079297 1
28.079297 29.809183 49
29.809183 31.492630 6
31.492630 32.374988 6
32.374988 33.245736 148
33.245736 34.104875 1
34.104875 34.905963 58
34.905963 35.765102 51
35.765102 36.612630 8
36.612630 38.400566 1
38.400566 41.755850 22
41.755850 43.427687 8
43.427687 45.134353 22
45.134353 48.512857 22
48.512857 51.961020 5
51.961020 55.362743 22
55.362743 58.718027 15
58.718027 60.436303 6
60.436303 62.096530 8
62.096530 63.814807 1
63.814807 67.297800 8
67.297800 72.371360 1
72.371360 74.066417 8
74.066417 79.209637 56
79.209637 80.881473 1
80.881473 84.213537 1
84.213537 85.955034 49
85.955034 87.592040 6
87.592040 88.497619 6
88.497619 89.333537 148
89.333537 90.181065 1
90.181065 91.005374 58
91.005374 91.887732 51
91.887732 92.712040 8
92.712040 94.488367 1
94.488367 97.832040 22
97.832040 99.527097 8
99.527097 101.233764 22
101.233764 104.577437 22
104.577437 107.932721 5
107.932721 111.311224 22
111.311224 114.666507 15
114.666507 116.338344 6
116.338344 118.068231 8
118.068231 119.786507 1
119.786507 123.211451 8
123.211451 128.343061 1
128.343061 130.014897 8
130.014897 135.134897 8
135.134897 136.806734 1
136.806734 140.173628 1
140.173628 141.822244 49
141.822244 143.505691 6
143.505691 144.364829 6
144.364829 145.212358 148
145.212358 146.048276 1
146.048276 146.872585 58
146.872585 147.743333 51
147.743333 148.567641 8
148.567641 150.343968 1
150.343968 153.757301 1
153.757301 154.604829 6
154.604829 155.429138 8
155.429138 155.823260 1
155.823260 156.321098 8
156.321098 156.799788 1
156.799788 157.727347 156
