0.000000 3.389127 156
3.389127 12.637423 4
12.637423 17.275668 9
17.275668 22.035759 4
22.035759 24.357755 7
24.357755 27.610855 11
27.610855 28.395907 4
28.395907 28.817155 4
28.817155 30.035034 9
30.035034 31.172811 4
31.172811 32.322199 11
32.322199 41.761111 4
41.761111 46.428321 9
46.428321 51.200022 4
51.200022 53.580068 7
53.580068 56.923741 11
56.923741 57.690000 4
57.690000 58.131179 4
58.131179 59.327006 9
59.327006 60.511224 4
60.511224 61.683832 11
61.683832 63.474331 4
63.474331 64.110317 59
64.110317 65.956303 4
65.956303 66.525192 59
66.525192 71.056785 4
71.056785 75.755124 9
75.755124 80.538435 4
80.538435 82.906870 7
82.906870 86.192494 11
86.192494 87.005192 4
87.005192 87.457981 4
87.457981 88.618979 9
88.618979 89.791587 4
89.791587 90.917755 11
90.917755 92.808471 4
92.808471 93.332630 59
93.332630 95.190226 4
95.190226 95.759115 59
95.759115 100.530816 4
100.530816 105.105147 9
105.105147 109.807188 4
109.807188 112.164013 7
112.164013 115.391587 11
115.391587 116.157845 4
116.157845 116.575804 4
116.575804 117.760022 9
117.760022 118.897800 4
118.897800 120.105238 11
120.105238 121.997664 4
121.997664 122.566553 59
122.566553 124.389319 4
124.389319 125.004648 59
125.004648 129.776349 4
129.776349 134.269410 9
134.269410 138.855351 4
138.855351 141.130907 7
141.130907 143.429682 11
143.429682 145.693628 4
145.693628 147.945963 11
147.945963 156.734716 4
156.734716 161.158117 9
161.158117 165.558299 4
165.558299 167.764195 7
167.764195 170.016530 11
170.016530 172.257256 4
172.257256 174.439931 11
174.439931 183.356394 4
183.356394 187.744965 9
187.744965 192.226417 4
192.226417 194.467142 7
194.467142 196.777528 11
196.777528 207.377437 4
207.377437 212.079478 9
212.079478 216.804739 4
216.804739 219.126734 7
219.126734 222.399504 11
222.399504 223.107966 4
223.107966 223.538526 4
223.538526 224.722743 9
224.722743 225.895351 4
225.895351 226.986689 11
226.986689 238.809007 4
238.809007 241.110204 156
