0.000000 0.087386 156
0.087386 2.757936 55
2.757936 5.439841 53
5.439841 6.751768 52
6.751768 8.063696 51
8.063696 9.439772 50
9.439772 14.877694 55
14.877694 17.500917 55
17.500917 20.184512 53
20.184512 21.496439 52
21.496439 22.823953 51
22.823953 24.183433 50
24.183433 29.525617 55
29.525617 32.247278 55
32.247278 34.925243 53
34.925243 36.171451 52
36.171451 37.567613 51
37.567613 38.869651 50
38.869651 41.593310 55
41.593310 44.263605 53
44.263605 46.968730 55
46.968730 49.639024 53
49.639024 52.471099 55
52.471099 52.924082 156
