0.000000 0.456937 156
0.456937 2.651307 7
2.651307 4.752713 16
4.752713 6.900559 7
6.900559 9.001965 16
9.001965 11.110106 7
11.110106 13.336043 16
13.336043 17.581738 0
17.581738 21.854210 7
21.854210 26.115071 0
26.115071 30.271443 7
30.271443 34.578745 16
34.578745 38.793167 21
38.793167 40.941012 7
40.941012 43.100468 16
43.100468 45.201874 0
45.201874 49.485956 2
49.485956 51.657021 7
51.657021 53.746817 16
53.746817 55.929493 7
55.929493 58.077339 16
58.077339 62.349811 0
62.349811 66.645502 7
66.645502 70.883144 0
70.883144 75.132396 7
75.132396 79.416477 16
79.416477 83.596069 21
83.596069 85.743915 7
85.743915 87.868541 16
87.868541 89.946727 0
89.946727 94.312078 2
94.312078 96.541194 7
96.541194 98.630990 16
98.630990 100.778836 7
100.778836 102.926681 16
102.926681 105.097747 0
105.097747 107.117883 2
107.117883 109.265729 7
109.265729 111.309085 7
111.309085 113.456931 0
113.456931 115.546727 2
115.546727 119.819198 7
119.819198 124.126500 16
124.126500 128.410582 21
128.410582 130.604867 7
130.604867 132.752713 16
132.752713 134.854119 0
134.854119 137.048405 2
137.048405 139.265910 2
139.265910 141.378926 7
141.378926 143.549992 16
143.549992 145.732668 7
145.732668 147.903734 16
147.903734 150.051579 7
150.051579 152.211035 16
152.211035 158.066939 156
