0.000000 0.363805 156
0.363805 2.163680 23
2.163680 4.001851 2
4.001851 5.935759 140
5.935759 8.424949 52
8.424949 9.828412 2
9.828412 11.279659 110
11.279659 12.707687 2
12.707687 19.708503 2
19.708503 21.159750 2
21.159750 24.062244 7
24.062244 25.501882 2
25.501882 26.895079 23
26.895079 28.381156 2
28.381156 29.785963 140
29.785963 31.237210 52
31.237210 31.898979 9
31.898979 32.630408 2
32.630408 33.338616 9
33.338616 34.035215 2
34.035215 34.743424 9
34.743424 35.463242 2
35.463242 36.206281 9
36.206281 36.914489 2
36.914489 38.330907 2
38.330907 39.758934 5
39.758934 41.117301 7
41.117301 42.580158 2
42.580158 43.938526 2
43.938526 45.378163 5
45.378163 46.748140 7
46.748140 48.141337 2
48.141337 49.615804 2
49.615804 52.437029 7
52.437029 53.818616 2
53.818616 55.246643 23
55.246643 56.639841 2
56.639841 58.056258 140
58.056258 59.472675 52
59.472675 60.180884 9
60.180884 60.900702 2
60.900702 61.608911 9
61.608911 62.317120 2
62.317120 63.071768 9
63.071768 63.733537 2
63.733537 64.395306 9
64.395306 65.173174 2
65.173174 66.612811 2
66.612811 68.006009 5
68.006009 69.341156 7
69.341156 70.804013 2
70.804013 72.324920 2
72.324920 73.648458 110
73.648458 75.030045 7
75.030045 76.469682 2
76.469682 77.886099 2
77.886099 79.279297 110
79.279297 80.695714 7
80.695714 82.100521 2
82.100521 83.505328 26
83.505328 86.291723 50
86.291723 87.684920 7
87.684920 89.043287 19
89.043287 91.934172 2
91.934172 93.397029 2
93.397029 96.218253 7
96.218253 97.704331 2
97.704331 99.143968 23
99.143968 100.583605 2
100.583605 101.941972 140
101.941972 103.381609 52
103.381609 104.124648 9
104.124648 104.798027 2
104.798027 105.517845 9
105.517845 106.179614 2
106.179614 106.899433 9
106.899433 107.572811 2
107.572811 108.315850 9
108.315850 108.977619 2
108.977619 110.405646 2
110.405646 111.787233 5
111.787233 113.180430 7
113.180430 114.631678 2
114.631678 116.036485 2
116.036485 117.464512 110
117.464512 118.880929 7
118.880929 120.285736 2
120.285736 121.702154 2
121.702154 123.060521 110
123.060521 124.523378 7
124.523378 125.928185 2
125.928185 127.321383 26
127.321383 130.142607 50
130.142607 131.570634 7
131.570634 132.963832 19
132.963832 135.796666 2
135.796666 137.201473 2
137.201473 140.045918 7
140.045918 141.508775 2
141.508775 142.925192 23
142.925192 144.283560 2
144.283560 145.699977 140
145.699977 147.104784 52
147.104784 147.824603 9
147.824603 148.556031 2
148.556031 149.264240 9
149.264240 149.949229 2
149.949229 150.669047 9
150.669047 151.365646 2
151.365646 152.108684 9
152.108684 152.782063 2
152.782063 154.221700 2
154.221700 155.580068 5
155.580068 156.973265 7
156.973265 158.389682 2
158.389682 159.806099 2
159.806099 161.245736 5
161.245736 162.627324 7
162.627324 166.718251 50
166.718251 168.045714 156
