0.000000 0.459543 156
0.459543 1.480839 11
1.480839 2.676666 4
2.676666 3.884104 11
3.884104 6.357029 4
6.357029 13.717755 4
13.717755 16.179070 9
16.179070 23.632675 4
23.632675 26.140430 9
26.140430 27.359478 119
27.359478 28.613356 11
28.613356 31.051451 4
31.051451 33.570816 4
33.570816 36.032131 21
36.032131 38.528276 4
38.528276 41.036031 21
41.036031 42.313129 21
42.313129 43.555396 11
43.555396 46.016712 4
46.016712 48.547687 11
48.547687 55.908412 4
55.908412 58.392947 9
58.392947 65.695623 4
65.695623 68.261428 9
68.261428 69.538526 119
69.538526 70.769183 11
70.769183 73.230498 4
73.230498 75.786245 4
75.786245 78.198844 21
78.198844 80.726329 4
80.726329 83.191859 21
83.191859 84.434126 21
84.434126 85.653174 11
85.653174 88.114489 4
88.114489 90.587414 11
90.587414 97.982970 4
97.982970 100.432675 9
100.432675 107.793401 4
107.793401 110.277936 9
110.277936 111.450544 11
111.450544 112.716031 59
112.716031 115.200566 4
115.200566 117.685102 4
117.685102 120.169637 21
120.169637 122.621302 4
122.621302 125.138707 21
125.138707 126.334535 21
126.334535 127.634852 11
127.634852 130.061337 4
130.061337 132.522653 11
132.522653 139.929818 4
139.929818 142.414353 9
142.414353 149.809909 4
149.809909 152.340884 9
152.340884 153.536712 119
153.536712 154.778979 11
154.778979 157.228684 4
157.228684 159.736439 52
159.736439 161.454716 4
161.454716 165.875756 4
165.875756 170.814694 156
