0.000000 0.440395 156
0.440395 1.689818 11
1.689818 2.209188 11
2.209188 2.746326 11
2.746326 3.280385 11
3.280385 3.849274 64
3.849274 4.406553 37
4.406553 4.940612 114
4.940612 5.486281 6
5.486281 6.020340 11
6.020340 6.577619 11
6.577619 7.123287 11
7.123287 7.634126 11
7.634126 9.747142 23
9.747142 11.871768 140
11.871768 14.008004 31
14.008004 15.052902 114
15.052902 16.121020 6
16.121020 17.189138 114
17.189138 18.257256 6
18.257256 18.802925 11
18.802925 19.348594 11
19.348594 19.882653 11
19.882653 20.451541 11
20.451541 20.997210 64
20.997210 21.531269 37
21.531269 22.053718 114
22.053718 22.610997 6
22.610997 23.133446 11
23.133446 23.655895 11
23.655895 24.155124 11
24.155124 24.689183 11
24.689183 26.837029 23
26.837029 28.891995 140
28.891995 31.005011 31
31.005011 32.038091 114
32.038091 33.141247 6
33.141247 35.323922 4
35.323922 37.425328 9
37.425328 39.491904 9
39.491904 43.659886 2
43.659886 45.772902 9
45.772902 47.851088 9
47.851088 49.940884 2
49.940884 52.100340 6
52.100340 52.634399 11
52.634399 53.156848 11
53.156848 53.690907 11
53.690907 54.224965 11
54.224965 54.735804 64
54.735804 55.269863 37
55.269863 55.803922 114
55.803922 56.326371 6
56.326371 56.848820 11
56.848820 57.371269 11
57.371269 57.928548 11
57.928548 58.427777 11
58.427777 60.587233 23
60.587233 62.665419 140
62.665419 64.801655 31
64.801655 65.834943 114
65.834943 66.926281 6
66.926281 67.971179 114
67.971179 69.039297 6
69.039297 69.596575 11
69.596575 70.119024 11
70.119024 70.595034 11
70.595034 71.117482 11
71.117482 71.651541 64
71.651541 72.197210 37
72.197210 72.731269 114
72.731269 73.276938 6
73.276938 73.787777 11
73.787777 74.333446 11
74.333446 74.809455 11
74.809455 75.331904 11
75.331904 77.491360 23
77.491360 79.546326 140
79.546326 81.647732 31
81.647732 82.704240 114
82.704240 83.807188 6
83.807188 85.966643 4
85.966643 88.114489 9
88.114489 90.192675 9
90.192675 94.395487 2
94.395487 96.485283 9
96.485283 98.598299 9
98.598299 100.688095 2
100.688095 102.870770 6
102.870770 103.416439 11
103.416439 103.915668 11
103.915668 104.438117 11
104.438117 104.948956 11
104.948956 105.483015 64
105.483015 106.017074 37
106.017074 106.597573 114
106.597573 107.096802 6
107.096802 107.619251 11
107.619251 108.141700 11
108.141700 108.687369 11
108.687369 109.198208 11
109.198208 111.334444 23
111.334444 113.424240 140
113.424240 115.525646 31
115.525646 116.582154 114
116.582154 117.661882 6
117.661882 118.741609 114
118.741609 119.751678 6
119.751678 120.297346 11
120.297346 120.843015 11
120.843015 121.377074 11
121.377074 121.876303 11
121.876303 122.410362 64
122.410362 122.956031 37
122.956031 123.478480 114
123.478480 123.989319 6
123.989319 124.511768 11
124.511768 125.022607 11
125.022607 125.556666 11
125.556666 126.079115 11
126.079115 128.238571 23
128.238571 130.293537 140
130.293537 132.441383 31
132.441383 133.463061 114
133.463061 134.519569 6
134.519569 136.667414 4
136.667414 138.780430 9
138.780430 140.905056 9
140.905056 145.096258 2
145.096258 147.278934 9
147.278934 149.345510 9
149.345510 151.499683 2
151.499683 153.617981 6
153.617981 155.696167 11
155.696167 157.844013 11
157.844013 161.988775 4
161.988775 164.183061 11
164.183061 166.179977 11
166.179977 168.281383 4
168.281383 170.359569 4
170.359569 178.428418 11
178.428418 183.379592 156
