0.000000 0.421247 156
0.421247 1.148857 -1
1.148857 4.997527 9
4.997527 7.053628 21
7.053628 8.899614 7
8.899614 10.873310 5
10.873310 12.742517 4
12.742517 16.538979 9
16.538979 18.477845 21
18.477845 20.347052 7
20.347052 22.251088 5
22.251088 24.143514 4
24.143514 27.974807 9
27.974807 31.771269 18
31.771269 35.544512 23
35.544512 36.519750 4
36.519750 37.280399 2
37.280399 38.470226 4
38.470226 39.201655 2
39.201655 40.409092 4
40.409092 42.382789 21
42.382789 44.217165 7
44.217165 46.167641 5
46.167641 48.036848 4
48.036848 51.937800 9
51.937800 53.876666 21
53.876666 55.780702 7
55.780702 57.673129 5
57.673129 59.600385 4
59.600385 61.550861 9
61.550861 63.489727 9
63.489727 67.367460 23
67.367460 71.198752 13
71.198752 73.137619 18
73.137619 75.088095 11
75.088095 76.968911 2
76.968911 77.955759 4
77.955759 78.687188 2
78.687188 79.894625 4
79.894625 80.660884 2
80.660884 81.821882 4
81.821882 83.749138 21
83.749138 85.722834 7
85.722834 87.626870 5
87.626870 89.565736 4
89.565736 91.551043 9
91.551043 93.466689 9
93.466689 95.382335 21
95.382335 97.332811 7
97.332811 99.329727 5
99.329727 101.222154 4
101.222154 103.184240 9
103.184240 105.146326 9
105.146326 109.058888 18
109.058888 112.948231 23
112.948231 113.911859 4
113.911859 114.643287 2
114.643287 115.827505 4
115.827505 116.640204 2
116.640204 117.812811 4
117.812811 119.774897 21
119.774897 121.713764 7
121.713764 123.687460 5
123.687460 125.579886 4
125.579886 131.268775 9
131.268775 135.216167 21
135.216167 139.093900 9
139.093900 140.434286 156
