0.000000 0.421247 156
0.421247 1.933628 11
1.933628 3.466145 11
3.466145 4.929002 20
4.929002 6.449909 11
6.449909 7.994036 4
7.994036 9.480113 57
9.480113 12.487097 11
12.487097 13.938344 11
13.938344 15.412811 11
15.412811 16.910498 20
16.910498 18.384965 11
18.384965 19.882653 4
19.882653 21.368730 57
21.368730 24.282834 11
24.282834 25.734081 13
25.734081 27.185328 56
27.185328 30.041383 13
30.041383 31.446190 13
31.446190 32.897437 56
32.897437 37.158299 13
37.158299 37.936167 114
37.936167 38.725646 6
38.725646 40.281383 11
40.281383 41.779070 11
41.779070 43.253537 20
43.253537 44.751224 11
44.751224 46.248911 4
46.248911 47.723378 57
47.723378 50.753582 11
50.753582 52.181609 11
52.181609 53.632857 11
53.632857 55.107324 20
55.107324 56.581791 11
56.581791 58.067868 4
58.067868 59.565555 57
59.565555 62.526099 11
62.526099 63.942517 13
63.942517 65.347324 56
65.347324 68.226598 13
68.226598 69.619795 13
69.619795 71.012993 56
71.012993 75.320294 13
75.320294 76.121383 114
76.121383 76.864421 6
76.864421 78.373718 11
78.373718 79.871405 11
79.871405 81.345873 20
81.345873 82.820340 11
82.820340 84.283197 4
84.283197 85.780884 57
85.780884 88.764648 11
88.764648 90.239115 11
90.239115 91.748412 11
91.748412 93.153219 20
93.153219 94.639297 11
94.639297 96.090544 4
96.090544 97.633669 57
97.633669 100.479115 11
100.479115 101.965192 13
101.965192 103.358390 56
103.358390 106.020323 13
106.020323 107.619251 13
107.619251 109.000839 56
109.000839 113.342970 13
113.342970 114.349534 114
114.349534 116.857871 6
116.857871 121.730612 156
