0.000000 2.572176 156
2.572176 3.779614 53
3.779614 4.917392 10
4.917392 6.090000 0
6.090000 7.239387 10
7.239387 8.400385 53
8.400385 9.538163 10
9.538163 10.641111 0
10.641111 11.848548 10
11.848548 13.009546 53
13.009546 14.205374 10
14.205374 15.354761 0
15.354761 16.504149 10
16.504149 17.641927 53
17.641927 18.779705 10
18.779705 19.905873 0
19.905873 21.078480 10
21.078480 22.227868 53
22.227868 23.412086 10
23.412086 24.549863 0
24.549863 25.757301 10
25.757301 26.929909 53
26.929909 28.090907 10
28.090907 29.205464 0
29.205464 30.378072 10
30.378072 31.504240 53
31.504240 32.618798 10
32.618798 33.744965 0
33.744965 34.929183 10
34.929183 36.043741 53
36.043741 37.169909 10
37.169909 38.296077 0
38.296077 39.433854 10
39.433854 40.571632 53
40.571632 41.721020 10
41.721020 42.870408 0
42.870408 43.961746 10
43.961746 45.122743 53
45.122743 46.330181 10
46.330181 47.421519 0
47.421519 48.768966 10
48.768966 50.024490 156
