0.000000 0.421247 156
0.421247 1.945238 4
1.945238 2.235487 59
2.235487 4.441383 4
4.441383 4.754852 4
4.754852 5.045102 2
5.045102 5.393401 3
5.393401 6.658888 4
6.658888 7.935986 13
7.935986 9.201473 9
9.201473 10.501791 11
10.501791 12.498707 4
12.498707 13.148866 4
13.148866 15.122562 13
15.122562 15.795941 13
15.795941 18.419795 9
18.419795 21.066870 11
21.066870 23.028956 4
23.028956 23.667505 4
23.667505 25.664421 13
25.664421 26.314580 13
26.314580 28.938435 9
28.938435 31.573900 11
31.573900 36.125011 13
36.125011 36.786780 13
36.786780 39.433854 9
39.433854 42.034489 11
42.034489 43.996575 4
43.996575 44.611904 4
44.611904 46.539160 13
46.539160 47.177709 13
47.177709 48.524467 9
48.524467 49.778344 11
49.778344 52.460249 4
52.460249 54.387505 4
54.387505 55.026054 4
55.026054 57.034580 13
57.034580 57.661519 13
57.661519 60.331814 9
60.331814 62.932448 11
62.932448 64.917755 4
64.917755 65.544693 4
65.544693 67.571920 13
67.571920 68.180158 13
68.180158 70.804013 9
70.804013 73.369818 11
73.369818 77.955759 13
77.955759 78.594308 13
78.594308 81.206553 9
81.206553 83.818798 11
83.818798 85.722834 4
85.722834 86.396213 4
86.396213 88.346689 13
88.346689 88.962018 13
88.962018 90.308775 9
90.308775 91.551043 11
91.551043 94.174897 4
94.174897 96.787142 9
96.787142 99.341337 18
99.341337 101.930362 2
101.930362 104.484557 4
104.484557 107.027142 9
107.027142 109.604557 18
109.604557 110.893265 2
110.893265 112.193582 4
112.193582 113.482290 9
113.482290 114.747777 11
114.747777 117.360022 4
117.360022 119.634275 13
119.634275 119.972267 13
119.972267 122.584512 9
122.584512 125.173537 11
125.173537 127.140138 4
127.140138 127.797392 4
127.797392 129.725066 13
129.725066 130.386417 13
130.386417 132.975442 9
132.975442 135.599297 11
135.599297 140.115578 13
140.115578 140.765736 13
140.765736 143.447641 9
143.447641 146.025056 11
146.025056 147.953592 4
147.953592 148.614081 4
148.614081 150.461929 13
150.461929 151.203106 13
151.203106 152.468594 9
152.468594 153.734081 11
153.734081 155.631784 13
155.631784 156.288276 13
156.288276 157.588594 9
157.588594 158.842471 11
158.842471 160.734897 13
160.734897 161.373446 13
161.373446 162.662154 9
162.662154 163.939251 11
163.939251 165.576258 4
165.576258 165.959387 11
165.959387 168.307502 4
168.307502 171.180408 156
