0.000000 0.411247 156
0.411247 8.587755 2
8.587755 11.269659 2
11.269659 13.974784 23
13.974784 16.691519 2
16.691519 19.396643 23
19.396643 20.789841 23
20.789841 22.136598 4
22.136598 23.494965 23
23.494965 24.841723 4
24.841723 26.223310 23
26.223310 26.896689 16
26.896689 27.616507 6
27.616507 30.275192 23
30.275192 35.685442 2
35.685442 38.390566 2
38.390566 41.118911 23
41.118911 43.824036 2
43.824036 46.529160 23
46.529160 47.899138 23
47.899138 49.257505 4
49.257505 50.604263 23
50.604263 51.962630 4
51.962630 53.367437 23
53.367437 54.017596 16
54.017596 54.690975 6
54.690975 57.396099 23
57.396099 62.899229 62
62.899229 65.534693 7
65.534693 68.204988 2
68.204988 70.956553 9
70.956553 73.684897 2
73.684897 76.378412 2
76.378412 79.095147 23
79.095147 81.811882 2
81.811882 84.563446 23
84.563446 85.945034 23
85.945034 87.291791 4
87.291791 88.673378 23
88.673378 90.054965 4
90.054965 91.401723 23
91.401723 92.075102 16
92.075102 92.771700 6
92.771700 95.476825 23
95.476825 100.927059 2
100.927059 103.580589 2
103.580589 106.262494 23
106.262494 109.002448 2
109.002448 111.730793 23
111.730793 113.112380 23
113.112380 114.482358 4
114.482358 115.829115 23
115.829115 117.210702 4
117.210702 118.603900 23
118.603900 119.277278 16
119.277278 119.962267 6
119.962267 122.690612 23
122.690612 137.250077 2
137.250077 138.684082 156
