0.000000 0.440395 156
0.440395 4.959231 156
4.959231 35.834761 -1
35.834761 58.265238 -1
58.265238 59.721399 10
59.721399 60.238385 -1
60.238385 61.608911 10
61.608911 62.142970 -1
62.142970 63.478117 10
63.478117 63.977346 -1
63.977346 65.370544 10
65.370544 88.277029 -1
88.277029 89.716666 10
89.716666 90.300134 -1
90.300134 91.609092 10
91.609092 92.143151 -1
92.143151 93.478299 10
93.478299 94.023968 -1
94.023968 95.370725 10
95.370725 114.904815 -1
114.904815 116.338344 10
116.338344 116.884013 -1
116.884013 118.253990 10
118.253990 118.799659 -1
118.799659 120.169637 10
120.169637 120.692086 -1
120.692086 122.004013 10
122.004013 144.717645 -1
144.717645 146.234036 10
146.234036 146.779705 -1
146.779705 148.103242 10
148.103242 148.614081 -1
148.614081 149.984058 10
149.984058 150.471678 -1
150.471678 151.899705 10
151.899705 176.598418 -1
176.598418 181.211429 156
