0.000000 1.014823 156
1.014823 4.155032 115
4.155032 5.017256 7
5.017256 5.853174 0
5.853174 7.525011 7
7.525011 9.231677 5
9.231677 10.915124 7
10.915124 11.774262 7
11.774262 12.668231 0
12.668231 14.374897 7
14.374897 16.069954 5
16.069954 17.788231 7
17.788231 19.518117 0
19.518117 21.213174 2
21.213174 22.107142 7
22.107142 22.954671 0
22.954671 24.661337 7
24.661337 25.532086 7
25.532086 26.402834 0
26.402834 28.074671 7
28.074671 29.769727 5
29.769727 31.534444 7
31.534444 32.381972 7
32.381972 33.241111 0
33.241111 34.947777 7
34.947777 36.654444 5
36.654444 38.407550 7
38.407550 40.125827 0
40.125827 41.878934 2
41.878934 42.726462 7
42.726462 43.597210 0
43.597210 45.338707 7
45.338707 47.068594 23
47.068594 48.786870 16
48.786870 52.304693 23
52.304693 53.976530 7
53.976530 55.694807 16
55.694807 57.401473 0
57.401473 59.166190 50
59.166190 60.071768 7
60.071768 60.907686 0
60.907686 62.625963 7
62.625963 64.367460 5
64.367460 66.120566 7
66.120566 66.956485 7
66.956485 67.838843 0
67.838843 69.626779 7
69.626779 71.333446 5
71.333446 73.074943 7
73.074943 74.846464 0
74.846464 76.534716 2
76.534716 77.417074 7
77.417074 78.287823 0
78.287823 79.035042 7
79.035042 80.040929 7
80.040929 80.911677 7
80.911677 81.817256 0
81.817256 83.541028 7
83.541028 85.311859 5
85.311859 86.995306 7
86.995306 87.889274 7
87.889274 88.748412 0
88.748412 90.478299 7
90.478299 92.266235 5
92.266235 93.972902 7
93.972902 95.702789 0
95.702789 97.455895 2
97.455895 98.303423 7
98.303423 99.162562 0
99.162562 100.938888 7
100.938888 102.645555 23
102.645555 104.398662 16
104.398662 107.858435 23
107.858435 109.611541 7
109.611541 111.353038 16
111.353038 113.036485 0
113.036485 114.789591 50
114.789591 115.625510 7
115.625510 116.519478 0
116.519478 118.272584 7
118.272584 119.944421 5
119.944421 121.732358 7
121.732358 122.591496 7
122.591496 123.462244 0
123.462244 125.203741 7
125.203741 126.922018 5
126.922018 128.651904 7
128.651904 130.393401 0
130.393401 132.192947 2
132.192947 133.075306 7
133.075306 133.934444 0
133.934444 134.784297 7
134.784297 135.687550 115
135.687550 136.604739 7
136.604739 137.463877 0
137.463877 138.345753 7
138.345753 139.228594 0
139.228594 140.099342 7
140.099342 141.026418 0
141.026418 148.704611 5
148.704611 152.555102 156
