0.000000 0.402100 156
0.402100 1.302038 7
1.302038 5.346961 50
5.346961 13.323015 50
13.323015 17.293628 55
17.293628 21.264240 50
21.264240 21.972448 117
21.972448 23.191496 9
23.191496 23.818435 115
23.818435 24.991043 7
24.991043 28.764285 50
28.764285 30.703151 2
30.703151 32.676848 0
32.676848 34.650544 5
34.650544 36.647460 7
36.647460 44.623514 50
44.623514 48.582517 55
48.582517 52.553129 50
52.553129 53.307777 117
53.307777 54.410725 9
54.410725 55.153764 115
55.153764 56.268321 7
56.268321 60.088004 50
60.088004 62.038480 2
62.038480 63.977346 0
63.977346 65.916213 5
65.916213 67.936349 7
67.936349 75.900793 50
75.900793 79.836575 55
79.836575 83.830408 50
83.830408 84.585056 117
84.585056 85.666413 9
85.666413 86.431043 115
86.431043 87.650090 7
87.650090 91.376893 50
91.376893 93.269319 2
93.269319 95.254625 0
95.254625 97.239931 5
97.239931 99.213628 7
99.213628 107.212902 50
107.212902 111.183514 55
111.183514 115.130907 50
115.130907 115.873945 117
115.873945 117.069773 9
117.069773 117.859251 115
117.859251 119.031859 7
119.031859 122.956031 50
122.956031 124.836848 2
124.836848 126.810544 0
126.810544 128.784240 65
128.784240 130.734716 7
130.734716 134.728548 2
134.728548 138.780430 50
138.780430 142.727823 55
142.727823 146.686825 50
146.686825 147.499523 117
147.499523 148.567641 9
148.567641 149.368730 115
149.368730 150.506507 7
150.506507 154.337800 50
154.337800 156.241836 2
156.241836 158.192312 0
158.192312 160.189229 65
160.189229 162.023605 7
162.023605 163.709388 156
