0.000000 0.421247 156
0.421247 4.058253 7
4.058253 7.796666 55
7.796666 15.157392 55
15.157392 18.895804 48
18.895804 22.645827 55
22.645827 24.213174 50
24.213174 26.233310 48
26.233310 28.090907 55
28.090907 29.925283 50
29.925283 37.390498 55
37.390498 41.140521 48
41.140521 44.890544 55
44.890544 46.666870 50
46.666870 48.512857 48
48.512857 52.181609 55
52.181609 54.050816 11
54.050816 55.920022 16
55.920022 56.848820 21
56.848820 57.789229 23
57.789229 59.635215 7
59.635215 61.446371 11
61.446371 63.373628 16
63.373628 65.266054 21
65.266054 66.043922 23
66.043922 67.204920 2
67.204920 74.646916 55
74.646916 78.396938 48
78.396938 82.123741 55
82.123741 83.923287 50
83.923287 85.780884 48
85.780884 87.619469 55
87.619469 89.461247 50
89.461247 96.984512 55
96.984512 100.641655 48
100.641655 104.345238 55
104.345238 106.214444 50
106.214444 108.095260 48
108.095260 111.775623 55
111.775623 113.714489 11
113.714489 115.498391 16
115.498391 116.512494 21
116.512494 117.441292 23
117.441292 119.310498 7
119.310498 121.191315 11
121.191315 123.141791 16
123.141791 125.022607 21
125.022607 125.742426 23
125.742426 126.984693 2
126.984693 134.542789 55
134.542789 138.304421 48
138.304421 142.077664 55
142.077664 143.865600 50
143.865600 145.804467 48
145.804467 148.528020 7
148.528020 149.090090 5
149.090090 150.423634 6
150.423634 152.817085 7
152.817085 157.648980 156
