0.000000 0.402100 156
0.402100 1.422789 21
1.422789 2.572176 21
2.572176 4.638752 2
4.638752 5.672040 7
5.672040 6.716938 52
6.716938 7.773446 21
7.773446 8.841564 21
8.841564 10.908140 2
10.908140 11.883378 7
11.883378 12.951496 52
12.951496 14.948412 21
14.948412 15.981700 21
15.981700 17.038208 21
17.038208 19.046734 2
19.046734 20.045192 7
20.045192 21.032040 52
21.032040 23.121836 21
23.121836 25.141972 14
25.141972 27.115668 14
27.115668 28.125736 4
28.125736 29.147414 138
29.147414 31.109501 52
31.109501 32.107959 21
32.107959 33.152857 104
33.152857 34.151315 0
34.151315 35.161383 138
35.161383 39.004285 29
39.004285 46.399841 45
46.399841 50.126643 38
50.126643 53.795396 45
53.795396 57.510589 4
57.510589 58.601927 21
58.601927 59.623605 21
59.623605 61.678571 2
61.678571 62.607369 7
62.607369 63.594217 52
63.594217 65.544693 21
65.544693 66.519931 21
66.519931 67.471950 21
67.471950 69.503696 2
69.503696 70.420884 7
70.420884 71.407732 52
71.407732 73.346598 21
73.346598 75.285464 14
75.285464 77.235941 14
77.235941 78.187959 4
78.187959 79.174807 138
79.174807 81.090453 52
81.090453 82.077301 21
82.077301 83.122199 104
83.122199 84.155487 0
84.155487 85.119115 138
85.119115 89.020068 29
89.020068 96.415623 45
96.415623 100.119206 38
100.119206 103.741519 45
103.741519 107.503151 4
107.503151 108.571269 21
108.571269 109.627777 21
109.627777 111.659523 2
111.659523 112.588321 7
112.588321 113.621609 52
113.621609 115.514036 21
115.514036 116.512494 21
116.512494 117.487732 21
117.487732 119.438208 2
119.438208 120.401836 7
120.401836 121.411904 52
121.411904 123.350770 21
123.350770 125.231587 14
125.231587 127.240113 14
127.240113 128.157301 4
128.157301 129.155759 138
129.155759 131.048185 52
131.048185 132.011814 21
132.011814 133.091541 104
133.091541 134.066780 0
134.066780 134.972358 138
134.972358 144.258103 29
144.258103 145.737143 156
