0.000000 0.651019 156
0.651019 4.478164 13
4.478164 8.367506 18
8.367506 12.198799 9
12.198799 16.088141 18
16.088141 19.977483 2
19.977483 23.855216 4
23.855216 27.709728 9
27.709728 31.599071 18
31.599071 35.511633 2
35.511633 39.389365 4
39.389365 43.313538 9
43.313538 47.214490 18
47.214490 51.138663 2
51.138663 55.074445 4
55.074445 58.928957 9
58.928957 62.841520 18
62.841520 66.788912 2
66.788912 70.643424 4
70.643424 74.532767 9
74.532767 78.433719 18
78.433719 82.381111 2
82.381111 86.316894 4
86.316894 90.241066 9
90.241066 94.176848 18
94.176848 98.159071 2
98.159071 102.083243 4
102.083243 106.042245 9
106.042245 109.954808 18
109.954808 113.844150 2
113.844150 117.814762 4
117.814762 121.773765 9
121.773765 125.663107 18
125.663107 129.610180 2
129.610180 133.511452 4
133.511452 137.412404 9
137.412404 141.336576 18
141.336576 145.249139 2
145.249139 149.231361 4
149.231361 151.591638 9
151.591638 156.734694 156
