0.000000 0.344657 156
0.344657 2.977006 3
2.977006 3.615555 19
3.615555 4.265714 19
4.265714 4.915873 19
4.915873 5.554421 0
5.554421 6.239410 48
6.239410 8.944535 5
8.944535 10.256462 10
10.256462 11.545170 32
11.545170 12.949977 58
12.949977 14.145804 32
14.145804 15.480952 58
15.480952 16.734829 32
16.734829 19.416734 58
19.416734 22.063809 3
22.063809 22.690748 19
22.690748 23.317687 19
23.317687 23.944625 19
23.944625 24.606394 0
24.606394 25.268163 48
25.268163 27.938458 5
27.938458 29.296825 10
29.296825 30.608752 32
30.608752 31.932290 58
31.932290 33.197777 32
33.197777 34.509705 58
34.509705 35.728752 32
35.728752 38.387437 58
38.387437 41.080952 38
41.080952 43.797687 43
43.797687 49.231156 65
49.231156 50.577913 19
50.577913 51.924671 0
51.924671 53.283038 19
53.283038 53.968027 0
53.968027 54.641405 9
54.641405 57.381360 14
57.381360 60.051655 43
60.051655 61.421632 14
61.421632 64.115147 55
64.115147 65.461904 14
65.461904 68.178639 55
68.178639 70.848934 48
70.848934 73.554058 34
73.554058 76.247573 14
76.247573 78.985730 43
78.985730 80.334285 3
80.334285 83.097460 3
83.097460 83.782448 19
83.782448 84.455827 19
84.455827 85.140816 19
85.140816 85.790975 0
85.790975 86.464353 48
86.464353 89.146258 5
89.146258 90.539455 10
90.539455 91.828163 32
91.828163 93.221360 58
93.221360 94.463628 32
94.463628 95.833605 58
95.833605 97.110702 32
97.110702 99.850657 58
99.850657 102.607222 14
102.607222 105.330566 43
105.330566 110.881293 65
110.881293 112.234836 19
112.234836 113.573650 0
113.573650 114.985582 19
114.985582 115.662353 0
115.662353 116.317293 9
116.317293 119.065170 14
119.065170 121.793514 43
121.793514 123.163492 3
123.163492 125.857006 3
125.857006 126.553605 19
126.553605 127.226984 19
127.226984 127.888752 19
127.888752 128.527301 0
128.527301 129.241437 48
129.241437 131.952244 5
131.952244 133.299002 10
133.299002 134.634149 32
134.634149 135.934467 58
135.934467 137.246394 32
137.246394 138.569931 58
138.569931 139.823809 32
139.823809 142.540544 58
142.540544 147.857854 3
147.857854 148.741224 156
