0.000000 0.402100 156
0.402100 1.914761 -1
1.914761 11.411976 156
11.411976 13.326737 57
13.326737 17.271145 156
17.271145 20.698568 -1
20.698568 27.475578 9
27.475578 27.963197 7
27.963197 28.450816 2
28.450816 32.351768 9
32.351768 34.290634 2
34.290634 36.229501 9
36.229501 40.095623 9
40.095623 42.011269 2
42.011269 43.926916 9
43.926916 47.804648 57
47.804648 49.755124 2
49.755124 50.765192 9
50.765192 51.206371 7
51.206371 51.693990 2
51.693990 55.548503 9
55.548503 57.475759 2
57.475759 59.368185 9
59.368185 63.350408 9
63.350408 65.266054 2
65.266054 66.276122 9
66.276122 66.763741 7
66.763741 67.239750 2
67.239750 71.094263 9
71.094263 73.021519 2
73.021519 74.008367 9
74.008367 74.484376 7
74.484376 74.995215 2
74.995215 78.884557 45
78.884557 80.800204 2
80.800204 81.763832 9
81.763832 82.297891 7
82.297891 82.762290 2
82.762290 88.427959 57
88.427959 92.619160 2
92.619160 96.496893 9
96.496893 98.412539 2
98.412539 99.445827 9
99.445827 99.945056 7
99.945056 100.432675 2
100.432675 104.287188 9
104.287188 106.260884 2
106.260884 107.259342 9
107.259342 107.746961 7
107.746961 108.246190 2
108.246190 112.193582 9
112.193582 114.178888 2
114.178888 116.117755 9
116.117755 120.053537 9
120.053537 122.004013 2
122.004013 122.967641 9
122.967641 123.942879 7
123.942879 127.843832 57
127.843832 129.805918 2
129.805918 130.792766 9
130.792766 131.245555 7
131.245555 131.756394 2
131.756394 135.622517 57
135.622517 137.549773 2
137.549773 139.477029 9
139.477029 143.308321 9
143.308321 145.258798 2
145.258798 146.245646 9
146.245646 146.733265 7
146.733265 147.244104 2
147.244104 151.110226 9
151.110226 153.060702 2
153.060702 154.024331 9
154.024331 154.523560 7
154.523560 155.022789 2
155.022789 158.854081 57
158.854081 160.781337 2
160.781337 161.489546 9
161.489546 162.174535 7
162.174535 162.696984 2
162.696984 166.423786 57
166.423786 168.192617 2
168.192617 174.281557 50
174.281557 186.984490 156
