0.000000 0.440395 156
0.440395 0.765904 -1
0.765904 1.053119 55
1.053119 1.446009 55
1.446009 2.583786 2
2.583786 3.826054 50
3.826054 6.415079 7
6.415079 8.934444 7
8.934444 11.465419 0
11.465419 14.054444 7
14.054444 16.608639 2
16.608639 19.151224 7
19.151224 21.740249 0
21.740249 24.317664 2
24.317664 25.606371 7
25.606371 26.068170 7
26.068170 26.921541 156
26.921541 29.530544 2
29.530544 32.096349 7
32.096349 34.673764 2
34.673764 37.216349 7
37.216349 39.816984 2
39.816984 42.394399 7
42.394399 44.983424 9
44.983424 47.560839 2
47.560839 50.173083 7
50.173083 52.715668 0
52.715668 55.304693 7
55.304693 57.893718 2
57.893718 60.436303 7
60.436303 63.071768 0
63.071768 65.672403 2
65.672403 66.984331 7
66.984331 68.249818 7
68.249818 70.838843 2
70.838843 73.393038 7
73.393038 75.958843 2
75.958843 78.513038 7
78.513038 81.090453 7
81.090453 83.656258 0
83.656258 86.303333 7
86.303333 88.892358 2
88.892358 91.527823 7
91.527823 94.093628 0
94.093628 96.694263 2
96.694263 98.384342 7
98.384342 99.294897 156
99.294897 101.883922 2
101.883922 104.507777 7
104.507777 107.085192 2
107.085192 109.697437 7
109.697437 112.240022 2
112.240022 114.852267 7
114.852267 117.441292 9
117.441292 120.065147 2
120.065147 122.654172 7
122.654172 125.219977 0
125.219977 127.785782 7
127.785782 130.386417 2
130.386417 132.998662 7
132.998662 135.610907 0
135.610907 138.211541 2
138.211541 140.823786 7
140.823786 143.447641 2
143.447641 144.806009 7
144.806009 148.508872 7
148.508872 153.182041 156
