0.000000 0.402100 156
0.402100 4.046643 21
4.046643 5.131560 21
5.131560 6.242121 16
6.242121 6.912288 21
6.912288 7.984554 16
7.984554 8.635573 21
8.635573 9.650396 16
9.650396 10.301415 21
10.301415 11.411976 16
11.411976 12.101290 21
12.101290 13.135261 16
13.135261 13.786280 21
13.786280 14.839399 16
14.839399 15.509565 21
15.509565 16.524389 16
16.524389 17.758027 21
17.758027 19.499523 0
19.499523 21.217800 48
21.217800 22.936077 5
22.936077 24.677573 10
24.677573 25.804192 21
25.804192 26.839120 16
26.839120 29.322946 21
29.322946 29.926654 16
29.926654 31.608730 21
31.608730 33.385056 21
33.385056 34.549330 21
34.549330 35.549760 16
35.549760 38.033586 21
38.033586 39.085762 16
39.085762 41.414349 21
41.414349 42.518272 16
42.518272 44.933102 21
44.933102 45.605805 16
45.605805 47.293809 21
47.293809 49.012086 0
49.012086 50.718752 48
50.718752 52.495079 5
52.495079 54.190136 10
54.190136 55.334124 21
55.334124 56.041324 16
56.041324 58.835629 21
58.835629 59.508331 16
59.508331 61.237392 9
61.237392 62.920839 9
62.920839 64.685555 2
64.685555 66.427052 11
66.427052 68.133718 52
68.133718 69.851995 9
69.851995 71.593492 2
71.593492 73.311768 11
73.311768 75.041655 10
75.041655 76.256908 21
76.256908 76.877865 16
76.877865 79.758413 21
79.758413 80.362121 16
80.362121 83.225420 21
83.225420 83.898123 16
83.898123 86.709676 21
86.709676 87.399628 16
87.399628 89.136167 21
89.136167 90.866054 0
90.866054 92.642380 48
92.642380 94.360657 5
94.360657 96.136984 10
96.136984 97.214190 21
97.214190 97.904142 16
97.904142 100.732944 21
100.732944 101.422895 16
101.422895 103.149410 9
103.149410 104.821247 9
104.821247 106.597573 2
106.597573 108.304240 11
108.304240 110.092176 52
110.092176 111.752403 9
111.752403 113.482290 2
113.482290 115.235396 11
115.235396 116.930453 10
116.930453 118.136975 21
118.136975 118.757931 16
118.757931 121.552235 21
121.552235 122.276685 16
122.276685 125.088238 21
125.088238 125.726443 16
125.726443 128.606991 21
128.606991 129.210699 16
129.210699 131.024965 21
131.024965 132.720022 0
132.720022 134.519569 48
134.519569 136.261065 5
136.261065 137.990952 10
137.990952 139.111505 21
139.111505 139.766959 16
139.766959 142.647508 21
142.647508 143.337459 16
143.337459 153.219185 21
153.219185 158.850612 156
