0.000000 0.492180 156
0.492180 0.942239 11
0.942239 2.521195 28
2.521195 4.193032 9
4.193032 5.795209 28
5.795209 8.291354 9
8.291354 9.162102 11
9.162102 10.752669 4
10.752669 12.447726 9
12.447726 14.073123 4
14.073123 15.791400 9
15.791400 17.463236 4
17.463236 19.123463 13
19.123463 22.536738 11
22.536738 24.240876 20
24.240876 25.892080 9
25.892080 27.591708 28
27.591708 28.434203 9
28.434203 29.238402 18
29.238402 33.438565 13
33.438565 34.355753 11
34.355753 35.992760 4
35.992760 37.722647 9
37.722647 39.417703 4
39.417703 41.112760 9
41.112760 42.794911 4
42.794911 44.479654 13
44.479654 47.881377 11
47.881377 51.294710 9
51.294710 54.626774 11
54.626774 56.321830 13
56.321830 58.063327 6
58.063327 59.797990 4
59.797990 61.511490 8
61.511490 63.244560 13
63.244560 64.936434 6
64.936434 66.671982 4
66.671982 68.396207 8
68.396207 70.996842 13
70.996842 71.902420 11
71.902420 73.641713 4
73.641713 75.373803 9
75.373803 77.080470 4
77.080470 78.798746 9
78.798746 80.493803 4
80.493803 82.188860 13
82.188860 85.704708 11
85.704708 87.389697 20
87.389697 89.151278 9
89.151278 90.817120 28
90.817120 91.736205 9
91.736205 92.559552 18
92.559552 95.134376 13
95.134376 96.004733 11
96.004733 97.710260 4
97.710260 99.360016 9
99.360016 101.008633 4
101.008633 102.657250 9
102.657250 104.282647 4
104.282647 105.931263 9
105.931263 107.626320 4
107.626320 112.875102 156
