0.000000 0.440395 156
0.440395 5.665302 6
5.665302 6.569283 6
6.569283 7.498081 114
7.498081 8.355316 6
8.355316 9.332457 114
9.332457 10.296085 6
10.296085 11.201664 114
11.201664 12.130462 6
12.130462 13.082480 114
13.082480 14.011278 6
14.011278 14.928466 114
14.928466 15.880484 6
15.880484 16.820893 6
16.820893 20.547695 11
20.547695 21.522933 6
21.522933 22.451732 114
22.451732 23.345700 6
23.345700 24.309328 114
24.309328 31.832593 15
31.832593 35.594226 11
35.594226 36.557854 6
36.557854 37.486652 114
37.486652 39.425518 6
39.425518 43.163931 11
43.163931 45.021528 6
45.021528 46.925564 51
46.925564 48.806380 8
48.806380 50.814906 49
50.814906 51.790144 6
51.790144 52.730552 114
52.730552 53.682571 6
53.682571 54.599759 114
54.599759 55.586607 6
55.586607 56.503795 114
56.503795 57.502253 6
57.502253 58.419441 114
58.419441 59.383069 6
59.383069 60.358308 114
60.358308 61.298716 6
61.298716 62.250734 114
62.250734 63.179532 6
63.179532 64.177990 114
64.177990 65.106788 6
65.106788 66.070416 114
66.070416 67.022435 6
67.022435 67.974453 114
67.974453 69.948149 6
69.948149 73.744611 11
73.744611 75.648648 6
75.648648 77.587514 51
77.587514 79.468330 8
79.468330 81.476856 49
81.476856 82.440484 6
82.440484 83.380893 114
83.380893 84.332911 6
84.332911 85.284929 114
85.284929 100.552049 6
100.552049 102.467695 11
102.467695 104.336902 11
104.336902 106.240938 6
106.240938 108.098534 51
108.098534 110.037401 8
110.037401 112.034317 49
112.034317 112.974725 6
112.974725 113.938353 114
113.938353 114.901981 6
114.901981 115.830779 114
115.830779 116.782797 6
116.782797 117.723206 114
117.723206 118.675224 6
118.675224 119.638852 114
119.638852 120.567650 6
120.567650 121.519668 114
121.519668 122.460076 6
122.460076 123.435314 114
123.435314 124.398943 6
124.398943 125.385791 114
125.385791 126.302979 6
126.302979 127.254997 114
127.254997 128.218625 6
128.218625 129.147423 114
129.147423 131.086289 6
131.086289 134.801482 11
134.801482 136.705518 6
136.705518 138.609555 51
138.609555 140.501981 8
140.501981 142.522117 49
142.522117 143.532185 6
143.532185 144.449373 114
144.449373 145.354952 6
145.354952 146.353410 114
146.353410 147.317038 6
147.317038 148.269056 114
148.269056 149.221074 6
149.221074 150.184702 114
150.184702 151.148330 6
151.148330 152.158398 114
152.158398 153.075586 6
153.075586 157.204898 156
