0.000000 0.459543 156
0.459543 0.727609 7
0.727609 3.049795 7
3.049795 5.627210 0
5.627210 8.204625 7
8.204625 10.723990 0
10.723990 13.243356 55
13.243356 15.716281 0
15.716281 18.224036 55
18.224036 20.685351 0
20.685351 23.251156 7
23.251156 25.735691 0
25.735691 28.220226 55
28.220226 30.712768 7
30.712768 33.166077 5
33.166077 34.431564 5
34.431564 35.662222 7
35.662222 38.135147 0
38.135147 40.666122 7
40.666122 43.057777 5
43.057777 44.300045 5
44.300045 45.484263 7
45.484263 48.073287 0
48.073287 50.604263 7
50.604263 53.030748 0
53.030748 55.503673 7
55.503673 57.976598 7
57.976598 60.461133 5
60.461133 61.761451 5
61.761451 62.992108 7
62.992108 65.383764 0
65.383764 67.891519 7
67.891519 70.283174 5
70.283174 71.595102 5
71.595102 72.790929 7
72.790929 75.275464 0
75.275464 77.725170 7
77.725170 80.198095 0
80.198095 82.717460 7
82.717460 85.213605 0
85.213605 86.397823 10
86.397823 87.686530 7
87.686530 90.113015 0
90.113015 92.574331 7
92.574331 95.058866 0
95.058866 97.520181 7
97.520181 100.004716 0
100.004716 102.489251 7
102.489251 104.985396 0
104.985396 107.493151 7
107.493151 109.977687 0
109.977687 112.415782 7
112.415782 117.326802 7
117.326802 118.603900 5
118.603900 119.834557 7
119.834557 122.249433 0
122.249433 127.160453 7
127.160453 128.483990 5
128.483990 129.679818 7
129.679818 132.094693 0
132.094693 134.544399 7
134.544399 137.028934 0
137.028934 139.525079 7
139.525079 141.963174 0
141.963174 143.182222 10
143.182222 144.412879 7
144.412879 146.874195 0
146.874195 149.358730 7
149.358730 151.820045 0
151.820045 154.223310 7
154.223310 156.719455 0
156.719455 159.180770 7
159.180770 161.595646 0
161.595646 164.022131 7
164.022131 166.390566 0
166.390566 168.747392 7
168.747392 171.115827 0
171.115827 173.495873 7
173.495873 175.806258 0
175.806258 178.762098 7
178.762098 183.771429 156
