0.000000 1.230589 156
1.230589 3.680294 156
3.680294 5.050272 7
5.050272 9.230853 156
9.230853 10.611451 7
10.611451 12.004648 2
12.004648 14.849092 9
14.849092 16.242290 7
16.242290 17.670317 2
17.670317 20.503151 9
20.503151 26.563560 9
26.563560 29.605374 18
29.605374 31.045011 23
31.045011 34.237755 7
34.237755 35.758662 23
35.758662 37.337619 7
37.337619 40.507142 4
40.507142 46.811360 9
46.811360 50.004104 18
50.004104 51.397301 23
51.397301 54.613265 7
54.613265 56.134172 23
56.134172 57.713129 7
57.713129 60.731723 4
60.731723 62.264240 7
62.264240 63.819977 2
63.819977 66.710861 9
66.710861 68.115668 7
68.115668 69.624965 2
69.624965 74.696536 9
74.696536 76.285788 156
76.285788 82.523650 9
82.523650 85.600294 18
85.600294 87.121201 23
87.121201 90.290725 7
90.290725 91.823242 23
91.823242 93.413809 7
93.413809 96.513673 4
96.513673 102.829501 9
102.829501 105.940975 18
105.940975 107.437246 23
107.437246 110.608185 7
110.608185 112.175532 23
112.175532 113.719659 7
113.719659 116.749863 4
116.749863 118.293990 7
118.293990 119.872947 2
119.872947 122.763832 9
122.763832 124.191859 7
124.191859 125.677936 2
125.677936 132.214353 9
132.214353 138.286371 9
138.286371 141.374625 18
141.374625 142.895532 23
142.895532 145.972176 7
145.972176 147.469863 23
147.469863 148.968415 7
148.968415 151.974535 4
151.974535 158.127823 9
158.127823 161.262517 18
161.262517 162.783424 23
162.783424 165.883287 7
165.883287 167.404195 23
167.404195 168.994761 7
168.994761 172.071405 4
172.071405 178.375623 9
178.375623 181.661247 18
181.661247 183.166049 23
183.166049 186.386507 7
186.386507 187.930634 23
187.930634 189.599646 7
189.599646 192.621065 4
192.621065 194.176802 7
194.176802 195.744149 2
195.744149 198.716303 9
198.716303 200.155941 7
200.155941 201.642018 2
201.642018 206.700168 9
206.700168 208.190045 156
208.190045 209.641292 7
209.641292 211.057709 2
211.057709 213.971814 9
213.971814 215.423061 7
215.423061 216.827868 2
216.827868 219.741972 9
219.741972 225.866927 9
225.866927 234.814694 156
