0.000000 0.478690 156
0.478690 1.302038 13
1.302038 2.793277 18
2.793277 4.279353 11
4.279353 5.800261 4
5.800261 7.344387 13
7.344387 8.853684 9
8.853684 10.386202 18
10.386202 11.953548 2
11.953548 13.486066 11
13.486066 14.972142 18
14.972142 16.527879 11
16.527879 18.083616 4
18.083616 19.616133 13
19.616133 21.148650 9
21.148650 22.692777 11
22.692777 25.815861 4
25.815861 27.348378 18
27.348378 28.880895 11
28.880895 30.366972 4
30.366972 31.922709 13
31.922709 33.443617 9
33.443617 35.010964 18
35.010964 36.566701 2
36.566701 38.122438 11
38.122438 39.654955 18
39.654955 41.199082 11
41.199082 42.731599 4
42.731599 44.298946 13
44.298946 45.854683 9
45.854683 47.363980 11
47.363980 50.521894 4
50.521894 52.054411 13
52.054411 53.575318 96
53.575318 56.675182 4
56.675182 58.184479 13
58.184479 59.716996 96
59.716996 62.828470 4
62.828470 65.870283 57
65.870283 68.900487 4
68.900487 70.433005 18
70.433005 71.930692 11
71.930692 75.146656 4
75.146656 76.574683 18
76.574683 78.142030 11
78.142030 79.693774 4
79.693774 79.966331 -1
79.966331 80.501711 13
80.501711 81.253504 13
81.253504 82.774410 9
82.774410 84.330148 18
84.330148 85.897495 2
85.897495 87.441622 11
87.441622 88.997358 18
88.997358 90.564704 11
90.564704 92.132051 4
92.132051 93.664568 13
93.664568 95.220306 9
95.220306 96.741212 11
96.741212 99.852686 4
99.852686 101.396814 13
101.396814 102.964160 96
102.964160 106.040805 4
106.040805 107.596541 13
107.596541 109.175498 96
109.175498 112.286972 4
112.286972 115.363616 13
115.363616 118.451870 4
118.451870 121.505294 13
121.505294 125.878101 4
125.878101 129.567347 156
