0.000000 1.834399 156
1.834399 8.568185 57
8.568185 11.993129 50
11.993129 15.441292 57
15.441292 18.889455 52
18.889455 22.326009 57
22.326009 29.175895 57
29.175895 32.624058 50
32.624058 36.049002 57
36.049002 39.531995 52
39.531995 43.369339 57
43.369339 56.668321 156
56.668321 70.519024 4
70.519024 72.272131 0
72.272131 74.025238 55
74.025238 75.720294 0
75.720294 77.519841 55
77.519841 79.249727 0
79.249727 81.014444 55
81.014444 82.732721 0
82.732721 83.177223 55
83.177223 83.626689 55
83.626689 84.058013 55
84.058013 84.485827 55
84.485827 86.296984 4
86.296984 87.957210 4
87.957210 94.911587 57
94.911587 98.394580 50
98.394580 101.865963 57
101.865963 105.302517 52
105.302517 108.727460 57
108.727460 111.328095 9
111.328095 112.256893 -1
112.256893 114.811088 9
114.811088 115.658616 -1
115.658616 117.353673 0
117.353673 119.048730 55
119.048730 120.801836 0
120.801836 122.554943 55
122.554943 124.273219 0
124.273219 126.014716 55
126.014716 127.767823 0
127.767823 128.193257 0
128.193257 128.614504 55
128.614504 129.016604 55
129.016604 129.462879 55
129.462879 131.169546 4
131.169546 132.852993 4
132.852993 139.818979 57
139.818979 143.336802 50
143.336802 146.761746 57
146.761746 150.175079 52
150.175079 155.095651 57
155.095651 162.678105 9
162.678105 162.925714 156
