0.000000 9.861020 156
9.861020 11.248049 0
11.248049 22.521337 0
22.521337 28.140566 5
28.140566 33.724965 7
33.724965 37.892947 5
37.892947 43.628276 0
43.628276 49.131405 0
49.131405 54.715804 5
54.715804 60.276984 7
60.276984 64.514625 5
64.514625 70.203514 0
70.203514 75.880793 0
75.880793 81.558072 5
81.558072 87.246961 0
87.246961 92.970680 7
92.970680 98.601519 5
98.601519 104.302018 0
104.302018 109.932857 0
109.932857 115.505646 5
115.505646 121.101655 7
121.101655 125.350907 5
125.350907 130.970136 0
130.970136 136.612585 0
136.612585 142.243424 5
142.243424 147.909092 0
147.909092 153.528321 7
153.528321 159.135941 5
159.135941 164.171555 0
164.171555 170.351179 0
170.351179 175.912358 0
175.912358 181.636077 0
181.636077 187.406235 5
187.406235 194.569591 0
194.569591 200.258480 7
200.258480 205.947369 5
205.947369 211.705918 0
211.705918 214.585192 5
214.585192 217.487687 7
217.487687 218.230725 108
218.230725 218.985374 0
218.985374 230.426122 0
