0.000000 0.421247 156
0.421247 1.922018 9
1.922018 3.338435 2
3.338435 4.824512 9
4.824512 6.206099 2
6.206099 7.703786 9
7.703786 9.224693 2
9.224693 10.687551 9
10.687551 12.162018 2
12.162018 13.590045 9
13.590045 15.064512 2
15.064512 16.527369 9
16.527369 17.943786 2
17.943786 19.441473 9
19.441473 20.904331 2
20.904331 22.367188 9
22.367188 23.876485 2
23.876485 25.350952 9
25.350952 26.813809 2
26.813809 28.265056 9
28.265056 29.658253 2
29.658253 32.607188 57
32.607188 33.327006 4
33.327006 34.058435 7
34.058435 35.532902 2
35.532902 37.030589 9
37.030589 38.447006 2
38.447006 39.921473 9
39.921473 41.314671 2
41.314671 42.847188 9
42.847188 44.298435 2
44.298435 45.703242 9
45.703242 47.235759 2
47.235759 48.628956 9
48.628956 50.080204 2
50.080204 51.543061 9
51.543061 52.959478 2
52.959478 54.445555 9
54.445555 55.850362 2
55.850362 57.255170 9
57.255170 58.752857 2
58.752857 60.180884 9
60.180884 61.585691 2
61.585691 63.002108 9
63.002108 64.383696 2
64.383696 67.297800 57
67.297800 67.994399 4
67.994399 68.725827 7
68.725827 70.211904 2
70.211904 71.628321 9
71.628321 73.067959 2
73.067959 74.495986 9
74.495986 75.935623 2
75.935623 78.849727 4
78.849727 81.740612 7
81.740612 82.460430 2
82.460430 83.180249 2
83.180249 83.911678 7
83.911678 84.619886 152
84.619886 90.517755 9
90.517755 92.027052 9
92.027052 93.431859 2
93.431859 94.883106 9
94.883106 96.345963 2
96.345963 97.785600 9
97.785600 99.225238 2
99.225238 100.676485 9
100.676485 102.081292 2
102.081292 103.520929 9
103.520929 104.995396 2
104.995396 106.446643 9
106.446643 107.897891 2
107.897891 109.337528 9
109.337528 110.777165 2
110.777165 112.205192 9
112.205192 113.563560 2
113.563560 116.524104 57
116.524104 117.255532 4
117.255532 117.952131 7
117.952131 119.438208 2
119.438208 120.889455 9
120.889455 122.282653 2
122.282653 123.745510 9
123.745510 125.161927 2
125.161927 126.624784 9
126.624784 128.064421 2
128.064421 129.550498 9
129.550498 130.978526 2
130.978526 132.441383 9
132.441383 133.846190 2
133.846190 135.285827 9
135.285827 136.679024 2
136.679024 138.153492 9
138.153492 139.569909 2
139.569909 141.032766 9
141.032766 142.402743 2
142.402743 143.865600 9
143.865600 145.293628 2
145.293628 146.721655 9
146.721655 148.219342 2
148.219342 149.647369 9
149.647369 151.098616 2
151.098616 152.584693 9
152.584693 154.024331 2
154.024331 155.440748 57
155.440748 156.160566 153
156.160566 156.833945 143
156.833945 158.285192 9
158.285192 158.993401 143
158.993401 159.713219 153
159.713219 161.187687 57
161.187687 162.592494 2
162.592494 164.008911 9
164.008911 165.471768 2
165.471768 166.923015 9
166.923015 168.409092 2
168.409092 169.871950 9
169.871950 171.346417 2
171.346417 172.762834 9
172.762834 174.224114 2
174.224114 175.665328 9
175.665328 177.104965 2
177.104965 178.556213 9
178.556213 180.007460 2
180.007460 181.423877 9
181.423877 182.875124 2
182.875124 184.326371 9
184.326371 185.777619 2
185.777619 187.194036 9
187.194036 188.610453 2
188.610453 190.050090 9
190.050090 190.758299 153
190.758299 191.443287 143
191.443287 192.906145 57
192.906145 193.602743 153
193.602743 194.369002 143
194.369002 195.750589 57
195.750589 196.435578 143
196.435578 197.132176 153
197.132176 198.583424 57
198.583424 199.233582 153
199.233582 199.976621 143
199.976621 201.358208 57
201.358208 202.043197 143
202.043197 202.763015 153
202.763015 204.156213 57
204.156213 204.852811 153
204.852811 205.549410 143
205.549410 208.809171 57
208.809171 217.965714 156
