0.000000 0.421247 156
0.421247 5.346961 4
5.346961 6.298979 2
6.298979 8.319115 4
8.319115 13.218526 4
13.218526 14.193764 2
14.193764 16.167460 4
16.167460 21.090090 4
21.090090 22.030498 2
22.030498 24.004195 4
24.004195 28.950045 4
28.950045 29.960113 2
29.960113 31.968639 4
31.968639 35.985691 16
35.985691 39.979523 9
39.979523 43.926916 16
43.926916 45.912222 18
45.912222 47.885918 11
47.885918 52.959478 4
52.959478 53.992766 2
53.992766 55.966462 4
55.966462 61.040022 4
61.040022 62.003650 2
62.003650 64.093446 4
64.093446 69.167006 4
69.167006 70.130634 2
70.130634 72.162380 4
72.162380 77.270770 4
77.270770 78.269229 2
78.269229 80.324195 4
80.324195 84.445736 16
84.445736 88.474399 9
88.474399 92.526281 16
92.526281 94.534807 18
94.534807 96.589773 11
96.589773 101.651723 4
101.651723 102.708231 2
102.708231 104.751587 4
104.751587 109.906417 4
109.906417 110.928095 2
110.928095 112.994671 4
112.994671 118.068231 4
118.068231 119.113129 2
119.113129 122.640450 4
122.640450 125.440000 156
