0.000000 0.402100 156
0.402100 1.829138 156
1.829138 8.667414 9
8.667414 12.103968 2
12.103968 15.586961 9
15.586961 17.282018 4
17.282018 19.000294 2
19.000294 20.776621 9
20.776621 22.402018 4
22.402018 29.309954 9
29.309954 32.769727 2
32.769727 36.287551 9
36.287551 38.052267 4
38.052267 39.805374 2
39.805374 41.825510 9
41.825510 43.299977 4
43.299977 50.219523 9
50.219523 53.667687 2
53.667687 57.243560 9
57.243560 58.996666 4
58.996666 60.772993 2
60.772993 62.549319 9
62.549319 64.290816 4
64.290816 71.372902 9
71.372902 74.937165 2
74.937165 78.420158 9
78.420158 80.231315 4
80.231315 81.972811 2
81.972811 83.772358 9
83.772358 85.467414 4
85.467414 92.514671 9
92.514671 95.974444 2
95.974444 99.550317 9
99.550317 101.291814 4
101.291814 103.091360 2
103.091360 104.890907 9
104.890907 106.609183 4
106.609183 113.714489 9
113.714489 117.278752 2
117.278752 120.808185 9
120.808185 122.607732 4
122.607732 124.360839 2
124.360839 126.201905 9
126.201905 127.867748 4
127.867748 134.867868 9
134.867868 138.432131 2
138.432131 141.961564 9
141.961564 143.772721 4
143.772721 145.490997 2
145.490997 147.302154 9
147.302154 148.939160 4
148.939160 156.137346 9
156.137346 159.724829 2
159.724829 163.300702 9
163.300702 165.077029 4
165.077029 166.818526 2
166.818526 168.699342 9
168.699342 171.945549 69
171.945549 174.158367 156
