0.000000 0.440395 156
0.440395 2.054309 4
2.054309 5.038074 9
5.038074 8.010228 18
8.010228 10.982382 9
10.982382 13.977756 18
13.977756 20.096214 9
20.096214 26.226282 18
26.226282 29.291316 9
29.291316 32.367960 2
32.367960 33.865647 59
33.865647 35.421384 4
35.421384 41.621112 9
41.621112 47.867280 18
47.867280 54.148278 9
54.148278 60.394445 18
60.394445 63.540749 9
63.540749 66.640613 2
66.640613 68.219570 59
68.219570 69.786917 4
69.786917 76.079525 9
76.079525 82.290863 18
82.290863 85.437167 9
85.437167 88.583470 2
88.583470 90.185647 9
90.185647 91.834264 9
91.834264 93.575761 9
93.575761 97.395443 4
97.395443 98.974002 9
98.974002 99.821928 18
99.821928 100.599797 9
100.599797 101.389275 18
101.389275 102.085874 4
102.085874 103.606781 9
103.606781 105.127688 9
105.127688 105.893947 114
105.893947 106.648595 9
106.648595 107.426464 18
107.426464 108.215942 4
108.215942 109.748459 9
109.748459 115.983017 9
115.983017 122.322065 18
122.322065 125.479978 9
125.479978 128.637892 2
128.637892 130.263289 59
130.263289 131.830636 4
131.830636 138.216123 9
138.216123 144.613221 18
144.613221 147.817575 9
147.817575 150.987099 2
150.987099 152.600885 9
152.600885 154.307552 9
154.307552 155.944559 9
155.944559 159.717801 4
159.717801 166.184559 9
166.184559 172.523606 18
172.523606 172.749748 9
172.749748 173.994343 156
173.994343 175.623470 9
175.623470 178.781246 57
178.781246 182.909388 156
