0.000000 0.440395 156
0.440395 1.148857 2
1.148857 2.833846 45
2.833846 5.008935 2
5.008935 6.931435 45
6.931435 8.769606 2
8.769606 10.090791 21
10.090791 10.779093 5
10.779093 11.498912 2
11.498912 12.799229 7
12.799229 14.076327 2
14.076327 15.388254 5
15.388254 16.735012 7
16.735012 18.058549 7
18.058549 19.382087 2
19.382087 20.694014 5
20.694014 22.040771 7
22.040771 23.364309 7
23.364309 24.653016 2
24.653016 25.999774 5
25.999774 27.323311 7
27.323311 28.658458 7
28.658458 29.993606 2
29.993606 31.235873 5
31.235873 32.582631 7
32.582631 33.940998 45
33.940998 35.276145 2
35.276145 36.611293 45
36.611293 37.992880 2
37.992880 39.339638 7
39.339638 40.651565 16
40.651565 42.009932 21
42.009932 42.683311 5
42.683311 43.345080 2
43.345080 44.645397 7
44.645397 46.026984 2
46.026984 47.327302 5
47.327302 48.674059 7
48.674059 49.997597 7
49.997597 51.321134 2
51.321134 52.644672 5
52.644672 54.003039 7
54.003039 55.338186 7
55.338186 56.638504 2
56.638504 57.950431 5
57.950431 59.308799 7
59.308799 60.655556 7
60.655556 61.967483 2
61.967483 63.291021 5
63.291021 64.649388 7
64.649388 65.961316 45
65.961316 67.284853 2
67.284853 68.620000 45
68.620000 69.943538 2
69.943538 71.278685 7
71.278685 72.602223 16
72.602223 73.925760 21
73.925760 74.622359 5
74.622359 75.307347 2
75.307347 76.630885 7
76.630885 77.977642 2
77.977642 79.336009 5
79.336009 80.659547 7
80.659547 82.006304 7
82.006304 83.353062 2
83.353062 84.734649 5
84.734649 86.093016 7
86.093016 87.404944 21
87.404944 88.751701 2
88.751701 90.086848 21
90.086848 91.445216 2
91.445216 92.850023 7
92.850023 94.173560 16
94.173560 95.508708 21
95.508708 96.063565 5
96.063565 96.878685 50
96.878685 98.237053 7
98.237053 99.572200 2
99.572200 100.965397 5
100.965397 102.312155 7
102.312155 103.647302 7
103.647302 105.005669 2
105.005669 106.340817 5
106.340817 107.687574 7
107.687574 109.057551 7
109.057551 110.357869 2
110.357869 111.704626 5
111.704626 113.051384 7
113.051384 114.386531 7
114.386531 115.721678 2
115.721678 117.021996 5
117.021996 118.357143 7
118.357143 119.680681 45
119.680681 121.004218 2
121.004218 122.316145 45
122.316145 123.639683 2
123.639683 125.009660 7
125.009660 126.344808 16
126.344808 127.714785 21
127.714785 128.388164 5
128.388164 129.061542 2
129.061542 130.408300 7
130.408300 131.708617 2
131.708617 133.125034 5
133.125034 134.378912 7
134.378912 135.656009 7
135.656009 136.991157 2
136.991157 138.337914 5
138.337914 139.684672 7
139.684672 140.984989 21
140.984989 142.331746 62
142.331746 143.643674 21
143.643674 144.978821 62
144.978821 146.372019 7
146.372019 147.718776 16
147.718776 153.521633 156
