0.000000 0.175157 156
0.175157 1.852358 0
1.852358 3.454535 7
3.454535 4.720022 21
4.720022 5.126371 21
5.126371 5.950680 29
5.950680 6.774988 65
6.774988 8.423605 0
8.423605 10.014172 7
10.014172 11.651179 5
11.651179 13.392675 0
13.392675 15.018072 0
15.018072 16.527369 7
16.527369 17.734807 21
17.734807 18.129546 21
18.129546 18.919024 29
18.919024 19.662063 65
19.662063 21.264240 0
21.264240 22.796757 7
22.796757 24.398934 5
24.398934 26.035941 0
26.035941 27.591678 0
27.591678 29.217074 7
29.217074 30.424167 21
30.424167 30.812726 21
30.812726 31.562290 29
31.562290 32.293718 65
32.293718 33.930725 0
33.930725 35.590952 7
35.590952 37.169909 5
37.169909 37.982607 0
37.982607 38.783696 0
38.783696 40.490362 21
40.490362 42.115759 16
42.115759 43.752766 5
43.752766 45.424603 0
45.424603 47.084829 0
47.084829 48.721836 7
48.721836 50.312403 5
50.312403 52.007460 0
52.007460 53.632857 0
53.632857 55.223424 7
55.223424 56.444666 21
56.444666 56.820273 21
56.820273 57.603469 29
57.603469 58.439387 65
58.439387 60.064784 0
60.064784 61.771451 7
61.771451 63.373628 5
63.373628 65.010634 0
65.010634 66.659251 0
66.659251 68.296258 7
68.296258 69.526151 21
69.526151 69.979705 21
69.979705 70.850453 29
70.850453 71.628321 65
71.628321 73.334988 0
73.334988 75.030045 7
75.030045 76.748321 5
76.748321 78.385328 0
78.385328 80.208095 21
80.208095 81.891541 16
81.891541 83.528548 5
83.528548 85.200385 0
85.200385 86.918662 0
86.918662 88.544058 7
88.544058 90.215895 5
90.215895 91.818072 0
91.818072 93.513129 21
93.513129 95.184965 16
95.184965 96.833582 5
96.833582 98.540249 0
98.540249 100.200476 0
100.200476 101.849092 7
101.849092 103.520929 5
103.520929 105.192766 0
105.192766 106.934263 5
106.934263 108.664149 0
108.664149 109.476848 7
109.476848 110.382426 5
110.382426 112.158752 0
112.158752 113.969909 5
113.969909 115.688185 0
115.688185 116.489274 7
116.489274 117.360022 5
117.360022 119.147959 0
119.147959 120.831405 0
120.831405 122.584512 7
122.584512 123.898502 21
123.898502 124.291179 21
124.291179 126.079115 5
126.079115 127.739342 0
127.739342 129.446009 7
129.446009 131.141065 5
131.141065 132.917392 0
132.917392 134.658888 0
134.658888 136.365555 7
136.365555 138.118662 21
138.118662 139.848548 5
139.848548 141.531995 0
141.531995 143.215442 7
143.215442 144.945328 5
144.945328 146.651995 0
146.651995 148.439931 21
148.439931 150.216258 16
150.216258 151.980975 5
151.980975 153.792131 0
153.792131 155.545238 0
155.545238 157.333174 7
157.333174 159.086281 5
159.086281 160.874217 0
160.874217 162.650544 0
162.650544 164.380430 7
164.380430 165.720399 21
165.720399 166.133537 21
166.133537 166.985094 29
166.985094 167.898253 65
167.898253 169.593310 0
169.593310 171.311587 7
171.311587 173.041473 5
173.041473 174.794580 0
174.794580 176.582517 0
176.582517 178.296758 7
178.296758 179.579002 21
179.579002 180.042290 21
180.042290 180.913038 29
180.913038 181.725736 65
181.725736 183.467233 0
183.467233 185.220340 7
185.220340 186.961836 5
186.961836 188.645283 0
188.645283 190.363560 21
190.363560 192.151496 16
192.151496 193.869773 5
193.869773 195.680929 0
195.680929 197.410816 0
197.410816 199.082653 7
199.082653 200.847369 5
200.847369 202.554036 0
202.554036 204.272312 21
204.272312 206.048639 16
206.048639 207.790136 5
207.790136 209.531632 0
209.531632 211.273129 0
211.273129 213.014625 7
213.014625 214.744512 5
214.744512 216.497619 0
216.497619 218.181065 21
218.181065 219.969002 16
219.969002 221.733718 5
221.733718 223.475215 0
223.475215 225.193492 0
225.193492 226.969818 7
226.969818 228.711315 5
228.711315 230.534081 0
230.534081 232.380068 5
232.380068 234.226054 0
234.226054 235.154852 7
235.154852 236.339070 5
236.339070 241.007282 0
241.007282 243.330612 156
