0.000000 0.497838 156
0.497838 2.106237 4
2.106237 3.638524 9
3.638524 6.726778 52
6.726778 10.755440 4
10.755440 11.521699 9
11.521699 13.147096 4
13.147096 14.737663 11
14.737663 16.305010 9
16.305010 17.942016 54
17.942016 19.532583 11
19.532583 23.526415 4
23.526415 24.304284 9
24.304284 25.860021 4
25.860021 27.485418 11
27.485418 29.064375 9
29.064375 29.888683 54
29.888683 30.654941 11
30.654941 32.233898 4
32.233898 33.836075 4
33.836075 35.391812 11
35.391812 36.959159 4
36.959159 38.514896 4
38.514896 40.105463 6
40.105463 41.730860 11
41.730860 45.713082 4
45.713082 46.490951 9
46.490951 48.081517 4
48.081517 49.672084 11
49.672084 51.262651 9
51.262651 52.086617 54
52.086617 52.841608 11
52.841608 54.316075 4
54.316075 60.631903 4
60.631903 63.696937 9
63.696937 66.854851 4
66.854851 68.387368 11
68.387368 69.989545 9
69.989545 71.522062 6
71.522062 73.089409 11
73.089409 74.661650 4
74.661650 76.282152 11
76.282152 79.558324 4
79.558324 81.088683 6
81.088683 82.736828 11
82.736828 86.661472 4
86.661472 87.474170 9
87.474170 89.053127 4
89.053127 90.666914 11
90.666914 92.253191 9
92.253191 93.095686 6
93.095686 93.842443 11
93.842443 94.570052 4
94.570052 95.412547 1
95.412547 96.178451 6
96.178451 96.901472 11
96.901472 97.734522 4
97.734522 98.503649 1
98.503649 99.266331 6
99.266331 100.094216 11
100.094216 100.836435 4
100.836435 101.684783 1
101.684783 102.520701 6
102.520701 103.263740 11
103.263740 104.417038 4
104.417038 108.016327 156
