0.000000 10.454596 156
10.454596 14.628775 -1
14.628775 18.826145 7
18.826145 24.259614 7
24.259614 25.350952 0
25.350952 26.430680 7
26.430680 27.476822 45
27.476822 28.590136 0
28.590136 33.965555 7
33.965555 35.056893 0
35.056893 36.159841 7
36.159841 37.239569 45
37.239569 38.261247 0
38.261247 39.886643 7
39.886643 40.954761 2
40.954761 41.535260 0
41.535260 43.090997 7
43.090997 44.159115 2
44.159115 44.728004 0
44.728004 46.318571 7
46.318571 47.409909 0
47.409909 49.688051 7
49.688051 53.981156 -1
53.981156 58.334897 7
58.334897 63.733537 7
63.733537 64.848095 0
64.848095 65.927823 7
65.927823 67.030770 45
67.030770 68.075668 0
68.075668 73.567188 7
73.567188 74.670136 0
74.670136 75.738253 7
75.738253 76.864421 45
76.864421 77.920929 0
77.920929 79.523106 7
79.523106 80.649274 2
80.649274 81.206553 0
81.206553 82.855170 7
82.855170 83.911678 2
83.911678 84.503786 0
84.503786 86.071133 7
86.071133 87.174081 0
87.174081 89.898035 7
89.898035 91.492993 156
91.492993 93.687278 10
93.687278 95.904784 14
95.904784 98.075850 19
98.075850 102.452811 21
102.452811 104.577437 2
104.577437 110.185056 7
110.185056 111.264784 0
111.264784 112.344512 7
112.344512 113.412630 45
113.412630 114.503968 0
114.503968 119.949047 7
119.949047 121.086825 0
121.086825 122.143333 7
122.143333 123.281111 45
123.281111 124.372448 0
124.372448 126.009455 7
126.009455 127.135623 2
127.135623 127.669682 0
127.669682 129.329909 7
129.329909 130.456077 2
130.456077 131.013356 0
131.013356 132.650362 7
132.650362 133.776530 0
133.776530 136.522468 7
136.522468 138.176712 156
138.176712 140.405827 10
140.405827 142.658163 14
142.658163 144.864058 19
144.864058 149.287460 21
149.287460 151.423696 2
151.423696 156.938435 7
156.938435 158.064603 0
158.064603 159.121111 7
159.121111 160.246358 45
160.246358 161.361836 0
161.361836 166.946235 7
166.946235 168.072403 0
168.072403 169.128911 7
169.128911 170.301519 45
170.301519 171.427687 0
171.427687 173.076303 7
173.076303 174.179251 2
174.179251 174.759750 0
174.759750 176.408367 7
176.408367 177.546145 2
177.546145 178.115034 0
178.115034 179.775260 7
179.775260 180.959478 0
180.959478 184.142577 7
184.142577 185.394489 156
185.394489 189.794671 -1
189.794671 211.236447 7
211.236447 216.685714 156
