0.000000 3.097655 45
3.097655 4.127913 38
4.127913 5.985510 14
5.985510 8.888004 55
8.888004 9.909682 108
9.909682 11.790498 0
11.790498 14.681383 29
14.681383 15.703061 95
15.703061 17.514217 4
17.514217 23.295986 21
23.295986 26.244920 45
26.244920 27.350323 38
27.350323 29.147414 14
29.147414 32.084739 55
32.084739 33.152857 108
33.152857 35.010453 0
35.010453 37.912947 29
37.912947 38.957845 95
38.957845 40.827052 4
40.827052 46.597210 21
46.597210 49.557755 45
49.557755 50.567823 38
50.567823 52.448639 14
52.448639 55.351133 55
55.351133 56.454081 108
56.454081 58.253628 0
58.253628 61.167732 29
61.167732 62.235850 95
62.235850 64.116666 4
64.116666 68.495648 21
68.495648 69.817165 7
69.817165 71.256802 0
71.256802 72.638390 4
72.638390 74.008367 21
74.008367 75.355124 48
75.355124 76.725102 5
76.725102 78.071859 7
78.071859 80.742154 0
80.742154 82.100521 0
82.100521 83.447278 4
83.447278 84.817256 21
84.817256 86.210453 48
86.210453 87.592040 5
87.592040 88.950408 7
88.950408 91.678752 0
91.678752 94.372267 10
94.372267 97.135442 5
97.135442 99.910226 0
99.910226 102.650181 10
102.650181 105.366916 5
105.366916 108.095260 0
108.095260 110.765555 10
110.765555 113.459070 5
113.459070 116.222244 0
116.222244 118.880929 10
118.880929 121.586054 5
121.586054 124.302789 0
124.302789 126.984693 10
126.984693 129.666598 5
129.666598 132.336893 0
132.336893 134.983968 2
134.983968 136.319115 3
136.319115 137.619433 7
137.619433 138.583061 0
138.583061 140.196848 9
140.196848 141.253356 3
141.253356 142.843922 0
142.843922 143.865600 6
143.865600 145.432947 3
145.432947 146.454625 9
146.454625 147.093174 6
147.093174 147.696893 7
147.696893 148.045192 8
148.045192 150.761927 9
150.761927 153.362562 11
153.362562 154.651269 0
154.651269 155.998027 4
155.998027 158.656712 9
158.656712 159.713219 14
159.713219 161.315396 7
161.315396 162.313854 14
162.313854 163.927641 7
163.927641 166.586326 9
166.586326 167.944693 11
167.944693 168.919931 0
168.919931 170.580158 7
170.580158 173.169183 9
173.169183 174.179251 0
174.179251 175.827868 7
175.827868 178.428503 9
178.428503 179.392131 0
179.392131 181.063968 7
181.063968 183.722653 9
183.722653 184.697891 0
184.697891 186.369727 7
186.369727 188.947142 9
188.947142 189.922380 0
189.922380 191.570997 7
191.570997 194.160022 9
194.160022 195.123650 0
195.123650 196.714217 7
196.714217 199.314852 9
199.314852 200.313310 0
200.313310 201.880657 7
201.880657 204.423242 9
204.423242 205.340430 0
205.340430 206.977437 7
206.977437 209.473582 9
209.473582 210.379160 0
210.379160 211.946507 7
211.946507 214.512312 9
214.512312 215.394671 0
215.394671 216.962018 7
216.962018 219.539433 9
219.539433 220.375351 0
220.375351 221.954308 7
221.954308 224.473673 9
224.473673 225.321201 0
225.321201 226.923378 7
226.923378 229.373083 9
229.373083 230.278662 0
230.278662 231.846009 7
231.846009 234.307324 9
234.307324 235.212902 0
235.212902 236.780249 7
236.780249 242.416327 156
