0.000000 12.350209 156
12.350209 17.502607 57
17.502607 20.068412 48
20.068412 21.682199 7
21.682199 22.599387 2
22.599387 23.911315 55
23.911315 25.200022 57
25.200022 26.546780 48
26.546780 27.765827 55
27.765827 29.031315 55
29.031315 30.331632 57
30.331632 31.631950 48
31.631950 32.839387 55
32.839387 35.428412 57
35.428412 37.936167 48
37.936167 39.224875 7
39.224875 40.501972 0
40.501972 42.951678 7
42.951678 45.529092 48
45.529092 48.060068 5
48.060068 50.591043 0
50.591043 55.664603 2
55.664603 56.999750 7
56.999750 58.300068 70
58.300068 59.565555 0
59.565555 60.865873 7
60.865873 63.443287 0
63.443287 65.916213 7
65.916213 67.193310 7
67.193310 68.435578 70
68.435578 69.643015 0
69.643015 70.885283 7
70.885283 73.393038 9
73.393038 75.900793 2
75.900793 78.408548 0
78.408548 80.823424 7
80.823424 83.040929 57
83.040929 83.644648 108
83.644648 84.201927 0
84.201927 85.746054 7
85.746054 88.195759 0
88.195759 90.599024 53
90.599024 93.071950 0
93.071950 97.936530 2
97.936530 99.306507 55
99.306507 100.537165 57
100.537165 101.791043 48
101.791043 103.010090 55
103.010090 104.229138 55
104.229138 105.401746 57
105.401746 106.678843 48
106.678843 107.886281 55
107.886281 110.359206 57
110.359206 112.727641 48
112.727641 113.993129 7
113.993129 115.212176 48
115.212176 117.650272 7
117.650272 122.435918 0
