0.000000 0.382952 156
0.382952 1.461099 16
1.461099 2.436337 9
2.436337 5.074117 45
5.074117 7.173208 12
7.173208 11.259920 7
11.259920 12.177881 16
12.177881 13.013027 9
13.013027 17.366883 45
17.366883 19.444954 12
19.444954 23.685595 7
23.685595 28.965136 57
28.965136 39.181916 2
39.181916 42.572029 7
42.572029 44.301916 3
44.301916 45.962142 4
45.962142 47.680419 9
47.680419 49.363866 2
49.363866 51.024092 7
51.024092 51.848401 3
51.848401 52.707539 2
52.707539 56.097653 7
56.097653 57.757879 3
57.757879 59.452936 4
59.452936 61.159603 9
61.159603 62.831439 2
62.831439 64.526496 7
64.526496 65.339195 6
65.339195 66.209943 5
66.209943 67.905000 16
67.905000 69.611666 57
69.611666 71.678242 7
71.678242 72.107811 7
72.107811 72.537380 90
72.537380 72.955340 95
72.955340 74.638786 0
74.638786 76.299013 4
76.299013 78.063730 21
78.063730 78.307539 2
78.307539 78.748718 2
78.748718 79.677517 2
79.677517 83.032800 7
83.032800 84.669807 3
84.669807 86.341643 4
86.341643 87.990260 9
87.990260 89.720147 2
89.720147 91.357154 7
91.357154 92.193072 3
92.193072 93.028990 2
93.028990 96.314614 7
96.314614 97.974841 3
97.974841 99.600238 4
99.600238 101.202414 9
101.202414 102.862641 2
102.862641 104.534478 7
104.534478 105.382006 3
105.382006 106.241145 2
106.241145 109.561598 7
109.561598 111.163775 3
111.163775 112.742732 4
112.742732 114.414569 9
114.414569 116.016746 2
116.016746 117.688582 7
117.688582 118.512891 6
118.512891 119.348809 5
119.348809 121.067086 16
121.067086 122.680873 57
122.680873 124.828718 7
124.828718 125.246678 7
125.246678 125.618197 90
125.618197 126.082596 95
126.082596 127.777653 0
127.777653 129.403049 4
129.403049 131.109716 21
131.109716 131.376746 2
131.376746 131.783095 2
131.783095 132.735113 2
132.735113 135.985907 7
135.985907 137.657743 3
137.657743 139.306360 4
139.306360 140.989807 9
140.989807 142.684863 2
142.684863 144.345090 7
144.345090 145.157789 3
145.157789 146.040147 2
146.040147 149.325770 7
149.325770 150.927947 3
150.927947 152.518514 4
152.518514 154.167131 9
154.167131 155.838968 2
155.838968 157.487585 7
157.487585 158.160963 3
158.160963 159.089761 2
159.089761 160.131472 7
160.131472 161.358367 156
