0.000000 0.172328 156
0.172328 1.515759 4
1.515759 3.315306 9
3.315306 5.130361 8
5.130361 6.891179 2
6.891179 8.713945 4
8.713945 10.478662 9
10.478662 12.278208 18
12.278208 14.066145 2
14.066145 15.849541 4
15.849541 17.574216 9
17.574216 19.298890 100
19.298890 21.008911 18
21.008911 24.538344 14
24.538344 26.256621 9
26.256621 28.090997 8
28.090997 29.887082 2
29.887082 31.632040 4
31.632040 33.373537 9
33.373537 35.184693 18
35.184693 36.868140 2
36.868140 38.644467 4
38.644467 40.385963 9
40.385963 42.022970 100
42.022970 43.671587 18
43.671587 47.015260 14
47.015260 53.714217 9
53.714217 60.239024 4
60.239024 63.507321 2
63.507321 67.077301 9
67.077301 68.818798 9
68.818798 70.525464 8
70.525464 72.220521 2
72.220521 73.964525 4
73.964525 75.667368 9
75.667368 77.348380 18
77.348380 79.023968 2
79.023968 80.777074 4
80.777074 82.460521 9
82.460521 84.155578 100
84.155578 85.780975 18
85.780975 87.499946 38
87.499946 89.171088 14
89.171088 95.695895 9
95.695895 102.174263 4
102.174263 105.425056 2
105.425056 107.017149 9
107.017149 108.629410 156
108.629410 111.798209 2
111.798209 115.003287 9
115.003287 118.137981 2
118.137981 122.812778 9
122.812778 123.324082 156
