0.000000 0.016849 156
0.016849 1.422789 8
1.422789 2.850816 3
2.850816 4.116303 8
4.116303 5.474671 3
5.474671 6.809818 8
6.809818 8.156575 3
8.156575 9.491723 8
9.491723 10.815260 3
10.815260 12.138798 8
12.138798 13.450725 3
13.450725 14.809092 17
14.809092 16.179070 10
16.179070 17.537437 17
17.537437 18.849365 10
18.849365 19.545963 3
19.545963 20.219342 89
20.219342 20.904331 90
20.904331 21.600929 91
21.600929 22.947687 8
22.947687 24.329274 3
24.329274 25.594761 8
25.594761 26.929909 3
26.929909 28.276666 8
28.276666 29.565374 3
29.565374 30.923741 8
30.923741 32.247278 3
32.247278 33.570816 8
33.570816 34.859523 3
34.859523 36.229501 17
36.229501 37.553038 10
37.553038 38.864965 17
38.864965 40.176893 10
40.176893 40.827052 3
40.827052 41.465600 89
41.465600 42.104149 90
42.104149 42.800748 91
42.800748 44.112675 8
44.112675 45.459433 3
45.459433 46.690090 8
46.690090 48.002018 0
48.002018 49.325555 22
49.325555 50.614263 0
50.614263 51.926190 1
51.926190 53.156848 8
53.156848 58.300068 3
58.300068 59.565555 22
59.565555 60.865873 0
60.865873 62.142970 1
62.142970 65.974263 3
65.974263 67.284140 8
67.284140 68.528525 3
68.528525 69.747505 8
69.747505 71.082790 3
71.082790 72.359750 8
72.359750 73.648458 3
73.648458 74.925555 17
74.925555 76.260702 10
76.260702 77.547898 17
77.547898 78.798849 10
78.798849 79.430226 3
79.430226 80.094081 89
80.094081 80.725092 90
80.725092 81.380702 91
81.380702 82.634580 8
82.634580 83.923287 3
83.923287 85.188775 8
85.188775 86.500702 3
86.500702 87.777800 8
87.777800 89.031678 3
89.031678 90.320385 8
90.320385 91.620702 3
91.620702 92.874580 8
92.874580 94.163287 3
94.163287 95.428775 17
95.428775 96.740702 10
96.740702 98.006190 17
98.006190 99.306507 10
99.306507 99.968276 3
99.968276 100.571995 89
100.571995 101.268594 90
101.268594 101.907142 91
101.907142 103.195850 8
103.195850 104.484557 3
104.484557 105.784875 20
105.784875 107.131632 3
107.131632 108.385510 20
108.385510 109.639387 3
109.639387 110.939705 10
110.939705 114.318037 3
114.318037 117.954725 9
117.954725 121.082997 4
121.082997 124.342857 156
