0.000000 0.440395 156
0.440395 1.129709 156
1.129709 2.352018 12
2.352018 3.594285 55
3.594285 6.125260 12
6.125260 8.679455 17
8.679455 9.898503 3
9.898503 11.129160 7
11.129160 12.394648 12
12.394648 13.648526 55
13.648526 16.109841 12
16.109841 18.652426 17
18.652426 21.125351 12
21.125351 22.321179 3
22.321179 23.563446 19
23.563446 24.840544 17
24.840544 26.059591 10
26.059591 27.290249 3
27.290249 28.544126 19
28.544126 29.809614 17
29.809614 31.005442 10
31.005442 32.259319 12
32.259319 33.501587 55
33.501587 36.032562 12
36.032562 38.528707 17
38.528707 39.829024 3
39.829024 41.024852 7
41.024852 42.290340 12
42.290340 43.497777 55
43.497777 46.028752 12
46.028752 48.478458 17
48.478458 51.044263 12
51.044263 52.274920 3
52.274920 53.517188 19
53.517188 54.794285 17
54.794285 56.024943 10
56.024943 57.302040 3
57.302040 58.532698 19
58.532698 59.809795 17
59.809795 61.052063 10
61.052063 63.513378 17
63.513378 65.997913 0
65.997913 68.424399 17
68.424399 70.920544 0
70.920544 73.416689 17
73.416689 75.831564 0
75.831564 78.281269 17
78.281269 80.696145 8
80.696145 81.913481 3
81.913481 83.192290 19
83.192290 84.434557 17
84.434557 85.665215 10
85.665215 86.907482 3
86.907482 88.149750 19
88.149750 89.392018 17
89.392018 90.576235 10
90.576235 91.888163 12
91.888163 93.107210 55
93.107210 95.603356 12
95.603356 98.076281 17
98.076281 99.341768 3
99.341768 100.549206 7
100.549206 101.791473 12
101.791473 103.033741 55
103.033741 105.495056 12
105.495056 108.014421 17
108.014421 110.533786 12
110.533786 111.810884 3
111.810884 112.995102 19
112.995102 114.260589 17
114.260589 115.491247 10
115.491247 116.733514 3
116.733514 117.952562 19
117.952562 119.194829 17
119.194829 120.425487 10
120.425487 121.667755 12
121.667755 122.863582 55
122.863582 125.348117 12
125.348117 127.867482 17
127.867482 129.098140 3
129.098140 130.386848 7
130.386848 131.663945 12
131.663945 132.882993 55
132.882993 135.390748 12
135.390748 137.863673 17
137.863673 140.383038 12
140.383038 141.671746 3
141.671746 142.914013 19
142.914013 144.133061 17
144.133061 145.363718 10
145.363718 146.582766 3
146.582766 147.813424 19
147.813424 148.997641 17
148.997641 153.887347 156
