0.000000 0.497838 156
0.497838 4.151133 7
4.151133 4.987052 7
4.987052 5.892630 0
5.892630 6.774988 2
6.774988 7.668956 7
7.668956 8.504875 7
8.504875 9.364013 0
9.364013 11.140340 7
11.140340 12.022698 7
12.022698 12.870226 0
12.870226 13.717755 2
13.717755 14.623333 7
14.623333 15.494081 0
15.494081 16.341609 2
16.341609 18.129546 7
18.129546 19.859433 0
19.859433 21.600929 7
21.600929 23.354036 0
23.354036 25.141972 7
25.141972 26.848639 0
26.848639 28.590136 7
28.590136 29.484104 0
29.484104 30.354852 2
30.354852 32.119569 7
32.119569 33.013537 7
33.013537 33.861065 0
33.861065 34.731814 2
34.731814 35.637392 7
35.637392 36.484920 7
36.484920 37.332448 0
37.332448 39.073945 7
39.073945 39.944693 7
39.944693 40.803832 0
40.803832 41.709410 2
41.709410 42.603378 7
42.603378 43.416077 0
43.416077 44.286825 2
44.286825 46.063151 7
46.063151 47.804648 0
47.804648 49.546145 7
49.546145 51.264421 0
51.264421 53.017528 7
53.017528 54.770634 0
54.770634 56.500521 7
56.500521 57.348049 0
57.348049 58.265238 2
58.265238 60.006734 7
60.006734 63.524557 55
63.524557 67.100430 0
67.100430 68.830317 7
68.830317 70.536984 2
70.536984 74.101247 7
74.101247 75.018435 7
75.018435 75.854353 0
75.854353 76.759931 2
76.759931 77.700340 7
77.700340 78.559478 7
78.559478 79.430226 0
79.430226 81.229773 7
81.229773 82.146961 7
82.146961 82.994489 0
82.994489 83.853628 2
83.853628 84.747596 7
84.747596 85.653174 0
85.653174 86.500702 2
86.500702 88.277029 7
88.277029 90.064965 0
90.064965 91.864512 7
91.864512 93.582789 0
93.582789 95.370725 7
95.370725 97.123832 0
97.123832 98.888548 7
98.888548 99.794126 0
99.794126 100.688095 2
100.688095 102.464421 7
102.464421 106.040294 55
106.040294 109.569727 0
109.569727 111.322834 7
111.322834 113.087551 2
113.087551 116.593764 7
116.593764 117.464512 7
117.464512 118.346870 0
118.346870 119.217619 2
119.217619 120.146417 7
120.146417 121.028775 7
121.028775 121.922743 0
121.922743 123.687460 7
123.687460 124.569818 7
124.569818 125.463786 0
125.463786 126.369365 2
126.369365 127.228503 7
127.228503 128.122471 0
128.122471 129.016439 2
129.016439 130.781156 7
130.781156 132.557482 0
132.557482 134.310589 7
134.310589 136.040476 0
136.040476 137.840022 7
137.840022 139.569909 0
139.569909 141.357845 7
141.357845 142.216984 0
142.216984 143.110952 2
143.110952 144.887278 7
144.887278 148.451541 55
148.451541 152.282834 0
152.282834 155.306274 7
155.306274 159.712653 156
