0.000000 0.382952 156
0.382952 3.849274 0
3.849274 7.343877 16
7.343877 10.792040 0
10.792040 14.240204 16
14.240204 19.557573 16
19.557573 22.216258 0
22.216258 23.121836 16
23.121836 27.419379 16
27.419379 28.311496 16
28.311496 30.923741 0
30.923741 31.782879 16
31.782879 33.547596 40
33.547596 35.312312 76
35.312312 37.018979 0
37.018979 38.795306 16
38.795306 40.594852 40
40.594852 42.266689 76
42.266689 43.973356 0
43.973356 45.772902 16
45.772902 51.043832 16
51.043832 53.609637 0
53.609637 54.526825 16
54.526825 59.728095 16
59.728095 62.340340 0
62.340340 63.222698 16
63.222698 64.940975 40
64.940975 66.682471 76
66.682471 68.389138 0
68.389138 70.142244 16
70.142244 71.906961 40
71.906961 73.625238 76
73.625238 75.343514 0
75.343514 77.096621 16
77.096621 80.544784 0
80.544784 83.969727 16
83.969727 87.383061 0
87.383061 90.831224 16
90.831224 96.020884 16
96.020884 98.621519 0
98.621519 99.457437 16
99.457437 104.612267 16
104.612267 107.270952 0
107.270952 108.153310 16
108.153310 109.918027 40
109.918027 111.671133 76
111.671133 113.435850 0
113.435850 115.212176 16
115.212176 116.965283 40
116.965283 118.671950 76
118.671950 120.436666 0
120.436666 121.874545 16
121.874545 122.334088 42
122.334088 123.597830 16
123.597830 127.686531 156
