0.000000 0.478690 156
0.478690 0.861642 9
0.861642 2.565780 129
2.565780 3.101913 117
3.101913 3.988594 9
3.988594 5.672040 9
5.672040 7.276092 2
7.276092 7.754783 9
7.754783 8.980230 129
8.980230 9.573806 117
9.573806 10.966190 9
10.966190 12.696077 9
12.696077 14.226675 2
14.226675 14.705365 9
14.705365 15.911665 57
15.911665 16.371208 117
16.371208 17.839297 9
17.839297 19.638843 18
19.638843 21.333900 13
21.333900 23.087006 18
23.087006 24.623828 23
24.623828 25.006780 9
25.006780 26.423703 129
26.423703 27.017279 117
27.017279 28.369546 9
28.369546 30.099433 9
30.099433 31.631854 2
31.631854 32.053101 9
32.053101 33.412582 129
33.412582 33.833829 117
33.833829 35.323922 9
35.323922 37.065419 9
37.065419 38.620732 2
38.620732 39.080275 9
39.080275 40.420607 129
40.420607 40.822707 117
40.822707 42.324739 9
42.324739 44.019795 18
44.019795 45.761292 13
45.761292 47.502789 18
47.502789 49.132770 23
49.132770 49.573165 9
49.573165 50.894351 129
50.894351 51.315598 117
51.315598 52.750498 9
52.750498 54.526825 2
54.526825 56.291541 4
56.291541 59.809365 9
59.809365 61.516031 2
61.516031 63.292358 4
63.292358 65.103514 11
65.103514 68.586507 4
68.586507 70.397664 9
70.397664 71.937575 2
71.937575 72.358823 9
72.358823 73.772057 129
73.772057 74.181598 117
74.181598 75.691814 9
75.691814 77.479750 9
77.479750 79.027838 2
79.027838 79.437379 9
79.437379 80.761563 129
80.761563 81.185872 117
81.185872 82.727460 9
82.727460 84.445736 18
84.445736 86.198843 13
86.198843 87.975170 18
87.975170 89.566703 23
89.566703 89.962593 9
89.962593 91.353253 129
91.353253 91.851091 117
91.851091 93.338979 9
93.338979 95.126916 2
95.126916 96.868412 4
96.868412 100.409455 9
100.409455 102.209002 2
102.209002 103.996938 4
103.996938 105.796485 11
105.796485 109.360748 4
109.360748 111.171904 9
111.171904 112.760397 2
112.760397 113.197241 9
113.197241 114.521863 129
114.521863 114.943110 117
114.943110 116.512494 9
116.512494 118.312040 9
118.312040 119.886417 2
119.886417 120.323262 9
120.323262 121.568184 129
121.568184 122.046874 117
122.046874 123.641020 9
123.641020 125.324467 18
125.324467 127.216893 13
127.216893 128.935170 18
128.935170 130.548145 23
130.548145 130.957686 9
130.957686 132.418384 129
132.418384 132.882531 117
132.882531 134.333809 9
134.333809 137.781972 18
137.781972 141.369455 2
141.369455 141.960389 9
141.960389 143.312185 129
143.312185 143.993310 117
143.993310 147.532344 9
147.532344 151.510204 156
