0.000000 0.402100 156
0.402100 1.132539 18
1.132539 1.829138 18
1.829138 3.048185 11
3.048185 3.744784 23
3.744784 4.882562 18
4.882562 5.544331 1
5.544331 6.774988 18
6.774988 7.506417 42
7.506417 8.702244 11
8.702244 9.422063 23
9.422063 10.606281 18
10.606281 11.337709 1
11.337709 12.487097 18
12.487097 13.206916 9
13.206916 14.298253 26
14.298253 15.018072 9
15.018072 16.155850 26
16.155850 16.864058 9
16.864058 17.990226 26
17.990226 18.930634 9
18.930634 19.882653 49
19.882653 21.728639 18
21.728639 22.471678 42
22.471678 23.632675 11
23.632675 24.387324 23
24.387324 25.559931 18
25.559931 26.256530 49
26.256530 27.452358 18
27.452358 28.195396 42
28.195396 29.356394 11
29.356394 30.099433 23
30.099433 31.225600 18
31.225600 31.968639 49
31.968639 33.094807 18
33.094807 33.768185 9
33.768185 34.882743 26
34.882743 35.614172 9
35.614172 36.717120 26
36.717120 37.402108 9
37.402108 38.586326 26
38.586326 39.503514 9
39.503514 40.397482 49
40.397482 42.243469 18
42.243469 44.089455 -1
44.089455 45.912222 4
45.912222 47.758208 9
47.758208 49.650634 18
49.650634 51.450181 -1
51.450181 53.296167 4
53.296167 55.165374 9
55.165374 55.687823 109
55.687823 57.173900 1
57.173900 57.824058 42
57.824058 59.008276 11
59.008276 59.704875 23
59.704875 60.865873 18
60.865873 61.597301 1
61.597301 62.793129 18
62.793129 63.512947 18
63.512947 64.731995 11
64.731995 65.440204 23
65.440204 66.659251 18
66.659251 67.332630 1
67.332630 68.482018 18
68.482018 69.190226 9
69.190226 70.304784 26
70.304784 70.989773 9
70.989773 72.150770 26
72.150770 72.847369 9
72.847369 74.019977 26
74.019977 74.983605 9
74.983605 75.889183 49
75.889183 77.793219 18
77.793219 79.674036 -1
79.674036 81.566462 4
81.566462 83.458888 9
83.458888 85.351315 18
85.351315 87.243741 -1
87.243741 89.124557 4
89.124557 91.016984 9
91.016984 91.492993 109
91.492993 92.932630 1
92.932630 93.687278 18
93.687278 94.825056 11
94.825056 95.579705 23
95.579705 96.752312 18
96.752312 97.437301 49
97.437301 98.679569 18
98.679569 99.387777 18
99.387777 100.571995 11
100.571995 101.291814 23
101.291814 102.476031 18
102.476031 103.207460 1
103.207460 104.356848 18
104.356848 105.018616 9
105.018616 106.179614 26
106.179614 106.876213 9
106.876213 107.979160 26
107.979160 108.745419 9
108.745419 109.918027 26
109.918027 110.858435 9
110.858435 111.775623 49
111.775623 113.644829 18
113.644829 114.353038 18
114.353038 115.572086 11
115.572086 116.257074 23
116.257074 117.441292 18
117.441292 118.103061 1
118.103061 119.368548 18
119.368548 120.076757 18
120.076757 121.260975 11
121.260975 121.957573 23
121.957573 123.199841 18
123.199841 125.394126 49
125.394126 131.448351 18
131.448351 136.986122 156
