0.000000 1.397776 156
1.397776 3.443356 21
3.443356 5.417052 53
5.417052 7.448798 21
7.448798 9.457324 53
9.457324 11.419410 21
11.419410 13.485986 43
13.485986 15.506122 0
15.506122 17.537868 43
17.537868 19.279365 0
19.279365 21.241451 53
21.241451 23.215147 50
23.215147 25.165623 53
25.165623 27.174149 50
27.174149 29.353288 53
29.353288 31.344639 7
31.344639 33.315827 21
33.315827 35.359183 53
35.359183 37.344489 21
37.344489 39.348341 53
39.348341 41.326712 21
41.326712 43.335238 43
43.335238 45.355374 0
45.355374 47.410340 43
47.410340 49.151836 0
49.151836 51.124122 53
51.124122 53.099229 50
53.099229 55.068530 53
55.068530 57.093061 50
57.093061 59.252517 53
59.252517 61.226213 7
61.226213 65.185215 21
65.185215 69.097777 5
69.097777 72.998730 90
72.998730 76.888072 45
76.888072 78.861768 53
78.861768 79.788096 7
79.788096 80.847074 156
80.847074 82.813418 21
82.813418 84.840907 53
84.840907 86.815269 21
86.815269 88.823129 53
88.823129 90.831655 21
90.831655 92.851791 43
92.851791 94.838118 0
94.838118 96.880453 43
96.880453 98.552290 0
98.552290 100.524959 53
100.524959 102.488072 50
102.488072 104.473378 53
104.473378 106.384128 50
106.384128 108.547808 53
108.547808 109.126498 7
109.126498 112.588752 53
112.588752 113.320181 155
113.320181 114.040000 154
114.040000 114.864308 144
114.864308 118.776870 84
118.776870 119.589569 154
119.589569 120.437097 146
120.437097 121.470385 153
121.470385 125.719637 53
125.719637 126.729705 155
126.729705 127.762993 154
127.762993 128.819501 144
128.819501 133.730521 84
133.730521 134.752199 155
134.752199 135.878367 154
135.878367 137.978776 156
