0.000000 0.421247 156
0.421247 1.415375 17
1.415375 2.374807 100
2.374807 3.384875 41
3.384875 4.371723 77
4.371723 5.457069 1
5.457069 5.916612 22
5.916612 6.438568 49
6.438568 8.470045 0
8.470045 10.571451 5
10.571451 12.614807 46
12.614807 14.681383 63
14.681383 16.736349 155
16.736349 17.769637 0
17.769637 18.802925 155
18.802925 20.869501 0
20.869501 22.996281 5
22.996281 24.991043 46
24.991043 27.034399 63
27.034399 29.031315 155
29.031315 30.076213 0
30.076213 31.086281 155
31.086281 33.164467 0
33.164467 37.274399 17
37.274399 39.282925 56
39.282925 41.384331 1
41.384331 43.358027 0
43.358027 45.378163 17
45.378163 46.388231 17
46.388231 47.375079 100
47.375079 48.408367 41
48.408367 49.406825 77
49.406825 51.450181 1
51.450181 53.563197 0
53.563197 55.513673 5
55.513673 57.591859 46
57.591859 59.577165 63
59.577165 61.666961 155
61.666961 62.618979 0
62.618979 63.617437 155
63.617437 65.672403 0
65.672403 69.724285 17
69.724285 71.686371 56
71.686371 73.752947 1
73.752947 75.749863 0
75.749863 77.793219 17
77.793219 78.803287 17
78.803287 79.801746 100
79.801746 80.846643 41
80.846643 81.833492 77
81.833492 83.888458 1
83.888458 85.908594 0
85.908594 87.905510 5
87.905510 89.948866 46
89.948866 91.969002 63
91.969002 93.989138 155
93.989138 94.999206 0
94.999206 95.997664 155
95.997664 98.041020 0
98.041020 102.058072 17
102.058072 104.089818 56
104.089818 106.109954 1
106.109954 108.188140 0
108.188140 110.208276 17
110.208276 111.228473 17
111.228473 112.216802 100
112.216802 113.226870 41
113.226870 114.190498 77
114.190498 116.257074 1
116.257074 118.370090 0
118.370090 120.413446 5
120.413446 122.596122 46
122.596122 124.732358 63
124.732358 126.868594 155
126.868594 127.971541 0
127.971541 128.981609 155
128.981609 131.199115 0
131.199115 132.302063 17
132.302063 133.381791 100
133.381791 134.507959 41
134.507959 135.552857 77
135.552857 137.700702 1
137.700702 139.836938 0
139.836938 141.973174 5
141.973174 144.213900 46
144.213900 146.431405 63
146.431405 148.614081 155
148.614081 149.728639 0
149.728639 150.808367 155
150.808367 153.025873 0
153.025873 155.173718 5
155.173718 157.368004 46
157.368004 159.504240 63
159.504240 162.377143 156
