0.000000 0.077870 156
0.077870 0.762721 7
0.762721 1.366439 45
1.366439 1.981768 7
1.981768 4.605623 7
4.605623 5.255782 7
5.255782 5.894331 45
5.894331 6.509659 7
6.509659 9.110294 7
9.110294 9.748843 0
9.748843 10.410612 85
10.410612 11.037551 2
11.037551 11.687709 87
11.687709 12.976417 16
12.976417 14.311564 99
14.311564 14.938503 2
14.938503 15.565442 85
15.565442 16.888979 0
16.888979 18.229155 12
18.229155 19.466394 7
19.466394 20.766712 57
20.766712 22.020589 110
22.020589 23.274467 7
23.274467 23.901405 0
23.901405 24.598004 7
24.598004 25.851882 57
25.851882 27.140589 110
27.140589 28.429297 7
28.429297 29.067845 7
29.067845 29.718004 45
29.718004 30.344943 7
30.344943 32.933968 7
32.933968 33.584126 0
33.584126 34.211065 85
34.211065 34.872834 2
34.872834 35.499773 87
35.499773 36.753650 16
36.753650 38.077188 99
38.077188 38.727346 2
38.727346 39.365895 85
39.365895 40.631383 0
40.631383 41.931700 12
41.931700 43.197188 7
43.197188 44.439455 57
44.439455 45.670113 110
45.670113 46.958820 7
46.958820 47.620109 5
47.620109 48.251980 0
48.251980 48.883851 14
48.883851 49.496575 0
49.496575 50.779465 10
50.779465 52.055600 0
52.055600 52.694149 5
52.694149 53.344308 0
53.344308 53.982857 14
53.982857 54.685578 0
54.685578 55.898503 10
55.898503 57.140770 57
57.140770 58.383038 110
58.383038 59.000971 7
59.000971 59.673308 45
59.673308 60.301121 7
60.301121 62.856894 7
62.856894 63.484706 0
63.484706 64.157044 85
64.157044 64.762593 2
64.762593 65.434931 87
65.434931 66.637732 16
66.637732 68.004574 99
68.004574 68.637682 2
68.637682 69.270790 85
69.270790 70.558838 0
70.558838 71.792562 12
71.792562 73.069659 7
73.069659 74.379320 57
74.379320 75.623706 110
75.623706 76.933585 7
76.933585 77.566693 5
77.566693 78.221633 0
78.221633 78.832910 14
78.832910 79.466019 0
79.466019 80.685804 10
80.685804 81.962902 0
81.962902 82.647891 5
82.647891 83.263219 0
83.263219 83.913378 14
83.913378 84.517097 0
84.517097 85.782585 10
85.782585 87.048072 57
87.048072 88.278730 110
88.278730 88.905668 7
88.905668 89.532607 45
89.532607 90.113106 7
90.113106 101.746303 7
101.746303 102.400145 7
102.400145 103.050220 45
103.050220 103.650340 7
103.650340 104.312108 0
104.312108 104.997097 7
104.997097 105.670476 91
105.670476 106.935963 110
106.935963 107.562902 7
107.562902 108.201451 45
108.201451 108.828390 7
108.828390 111.417414 7
111.417414 112.044353 0
112.044353 112.693293 85
112.693293 113.348233 2
113.348233 113.948390 87
113.948390 115.179047 16
115.179047 116.479365 99
116.479365 117.129523 2
117.129523 117.710022 85
117.710022 118.987120 0
118.987120 120.310657 12
120.310657 121.600474 7
121.600474 122.841632 57
122.841632 124.072290 110
124.072290 125.337777 7
125.337777 125.929886 0
125.929886 126.556825 7
126.556825 127.822312 57
127.822312 129.122630 110
129.122630 130.318458 7
130.318458 130.987943 0
130.987943 131.621051 7
131.621051 132.919092 57
132.919092 134.323900 110
134.323900 137.820873 7
137.820873 138.292245 156
