0.000000 0.421247 156
0.421247 4.046643 9
4.046643 7.947596 9
7.947596 19.569183 9
19.569183 21.484829 23
21.484829 23.400476 4
23.400476 25.339342 18
25.339342 27.185328 2
27.185328 28.915215 18
28.915215 30.981791 31
30.981791 32.874217 18
32.874217 34.813083 4
34.813083 38.725646 9
38.725646 50.277573 9
50.277573 52.251269 23
52.251269 54.178526 4
54.178526 56.105782 18
56.105782 57.963378 2
57.963378 59.728095 18
59.728095 61.852721 31
61.852721 63.779977 18
63.779977 65.730453 4
65.730453 69.619795 9
69.619795 75.482834 50
75.482834 77.410090 4
77.410090 83.215079 50
83.215079 87.057981 4
87.057981 98.900158 9
98.900158 100.885464 23
100.885464 102.893990 4
102.893990 104.902517 18
104.902517 106.818163 2
106.818163 108.582879 18
108.582879 110.730725 31
110.730725 112.727641 18
112.727641 114.666507 4
114.666507 118.625510 9
118.625510 124.453718 50
124.453718 126.450634 4
126.450634 132.185963 50
132.185963 136.086916 4
136.086916 147.952312 9
147.952312 149.914399 23
149.914399 151.911315 4
151.911315 153.861791 18
153.861791 155.823877 2
155.823877 157.542154 18
157.542154 159.748049 31
159.748049 161.675306 18
161.675306 163.660612 4
163.660612 167.573174 9
167.573174 187.704033 9
187.704033 192.496327 156
