0.000000 1.213809 156
1.213809 4.812902 9
4.812902 8.783514 9
8.783514 10.664331 50
10.664331 12.510317 7
12.510317 14.391133 21
14.391133 16.179070 7
16.179070 18.071496 0
18.071496 19.963922 5
19.963922 21.844739 0
21.844739 23.725555 5
23.725555 25.606371 0
25.606371 27.510408 5
27.510408 31.039841 7
31.039841 34.801473 9
34.801473 38.772086 9
38.772086 40.664512 50
40.664512 42.568548 7
42.568548 44.437755 21
44.437755 46.237301 7
46.237301 48.118117 0
48.118117 50.022154 5
50.022154 51.891360 0
51.891360 53.807006 5
53.807006 55.711043 0
55.711043 57.615079 5
57.615079 61.157470 7
61.157470 64.894535 9
64.894535 68.969637 9
68.969637 70.850453 50
70.850453 72.754489 7
72.754489 76.609002 21
76.609002 78.547868 0
78.547868 80.463514 21
80.463514 82.379160 0
82.379160 84.283197 21
84.283197 86.187233 5
86.187233 88.079659 7
88.079659 90.018526 5
90.018526 91.969002 7
91.969002 93.942698 21
93.942698 95.777074 7
95.777074 97.750770 0
97.750770 99.689637 5
99.689637 101.593673 0
101.593673 103.462879 5
103.462879 105.459795 0
105.459795 107.375442 5
107.375442 111.020975 7
111.020975 114.817437 9
114.817437 118.904149 9
118.904149 120.784965 50
120.784965 122.735442 7
122.735442 126.624784 9
126.624784 128.563650 50
128.563650 130.339977 7
130.339977 134.052426 0
134.052426 138.370612 156
