0.000000 0.382952 156
0.382952 1.329909 2
1.329909 2.270317 18
2.270317 4.139523 11
4.139523 5.093265 16
5.093265 5.993202 16
5.993202 6.472388 16
6.472388 6.931435 16
6.931435 7.371830 16
7.371830 7.831373 16
7.831373 8.749890 9
8.749890 9.693983 9
9.693983 10.560212 9
10.560212 11.500249 9
11.500249 12.390000 2
12.390000 12.866913 2
12.866913 13.311405 2
13.311405 14.239254 9
14.239254 14.716166 9
14.716166 15.163880 9
15.163880 16.074580 2
16.074580 16.956938 18
16.956938 17.879363 11
17.879363 18.375742 11
18.375742 18.826145 11
18.826145 19.709151 16
19.709151 20.653244 16
20.653244 21.100958 16
21.100958 21.568138 16
21.568138 22.045051 16
22.045051 22.502498 16
22.502498 23.368727 9
23.368727 24.283621 9
24.283621 25.237447 9
25.237447 25.675428 9
25.675428 26.152040 9
26.152040 27.057502 2
27.057502 27.514948 2
27.514948 27.974807 2
27.974807 29.820793 9
29.820793 33.477936 52
33.477936 35.729528 9
35.729528 36.196708 9
36.196708 36.624956 9
36.624956 37.077029 9
37.077029 37.997297 2
37.997297 38.902458 2
38.902458 40.294265 2
40.294265 40.734172 -1
40.734172 41.627674 52
41.627674 42.562034 52
42.562034 44.344875 52
44.344875 45.277517 57
45.277517 46.153479 57
46.153479 47.993000 57
47.993000 48.872766 16
48.872766 49.778344 9
49.778344 51.613644 2
51.613644 52.587959 2
52.587959 53.540761 6
53.540761 54.494587 23
54.494587 55.397573 50
55.397573 55.886393 7
55.886393 56.324374 7
56.324374 56.781821 7
56.781821 57.278390 7
57.278390 59.031496 2
59.031496 59.960294 2
59.960294 60.877482 18
60.877482 61.852670 11
61.852670 62.261452 11
62.261452 62.711859 11
62.711859 63.643526 16
63.643526 64.538954 16
64.538954 65.035333 16
65.035333 65.521979 16
65.521979 65.940494 16
65.940494 66.407674 16
66.407674 67.273903 9
67.273903 68.149865 9
68.149865 69.084225 9
69.084225 69.512473 9
69.512473 70.002925 9
70.002925 70.923746 2
70.923746 71.361727 2
71.361727 71.790861 2
71.790861 73.181782 9
73.181782 73.636848 9
73.636848 74.542426 2
74.542426 75.471224 18
75.471224 77.270770 11
77.270770 78.194233 16
78.194233 79.157791 16
79.157791 79.595772 16
79.595772 80.062952 16
80.062952 80.530132 16
80.530132 80.997573 16
80.997573 81.931672 9
81.931672 82.846566 9
82.846566 83.761460 9
83.761460 84.218907 9
84.218907 84.677936 9
84.677936 85.571782 2
85.571782 86.019496 2
86.019496 86.512312 2
86.512312 88.335079 9
88.335079 91.992222 52
91.992222 94.224343 9
94.224343 94.652591 9
94.652591 95.080839 9
95.080839 95.533265 9
95.533265 96.433714 2
96.433714 97.368074 2
97.368074 98.691750 2
98.691750 99.190408 -1
99.190408 100.064091 52
100.064091 100.978985 52
100.978985 102.743061 52
102.743061 103.636071 57
103.636071 104.531499 57
104.531499 105.417194 57
105.417194 106.365374 57
106.365374 107.266447 16
107.266447 108.176530 16
108.176530 109.952857 9
109.952857 110.877359 2
110.877359 111.753321 2
111.753321 113.135395 2
113.135395 113.575170 -1
113.575170 114.498003 52
114.498003 115.403164 52
115.403164 117.174263 52
117.174263 118.138113 57
118.138113 118.994609 57
118.994609 120.843015 57
120.843015 121.760204 16
121.760204 122.654172 9
122.654172 124.511768 2
124.511768 125.440566 2
125.440566 126.369365 6
126.369365 127.298163 23
127.298163 128.238571 50
128.238571 130.070665 7
130.070665 131.860884 7
131.860884 132.847732 2
132.847732 133.730090 18
133.730090 134.635402 11
134.635402 135.102582 11
135.102582 135.552857 11
135.552857 136.504122 16
136.504122 137.399550 16
137.399550 137.837531 16
137.837531 138.275512 16
138.275512 138.742692 16
138.742692 139.198390 16
139.198390 140.105300 9
140.105300 141.010461 9
141.010461 141.954554 9
141.954554 142.382802 9
142.382802 142.855532 9
142.855532 143.774609 2
143.774609 144.212590 2
144.212590 144.736349 2
144.736349 145.623862 9
145.623862 146.042378 9
146.042378 146.512675 9
146.512675 147.453083 2
147.453083 148.370272 18
148.370272 150.193038 11
150.193038 151.074294 16
151.074294 152.018387 16
152.018387 152.446635 16
152.446635 152.913815 16
152.913815 153.351796 16
153.351796 153.838571 16
153.838571 154.733870 9
154.733870 155.677963 9
155.677963 156.592857 9
156.592857 157.011372 9
157.011372 157.495714 9
157.495714 158.393446 2
158.393446 158.860626 2
158.860626 159.341700 2
159.341700 161.176077 9
161.176077 164.798390 52
164.798390 167.513186 9
167.513186 167.931702 9
167.931702 168.385873 9
168.385873 169.284577 2
169.284577 170.218937 2
170.218937 171.591278 2
171.591278 172.043015 -1
172.043015 175.560839 52
175.560839 176.457735 57
176.457735 177.372629 57
177.372629 179.136712 57
179.136712 180.039447 16
180.039447 180.994308 16
180.994308 182.782244 9
182.782244 183.621160 2
183.621160 184.574985 2
184.574985 185.857876 2
185.857876 186.323287 -1
186.323287 187.193139 52
187.193139 188.098300 52
188.098300 189.817891 52
189.817891 193.393764 57
193.393764 194.287732 16
194.287732 195.193310 9
195.193310 197.050907 2
197.050907 197.944875 2
197.944875 198.862063 6
198.862063 199.814081 23
199.814081 200.754489 50
200.754489 202.565646 7
202.565646 204.726259 2
204.726259 207.281633 156
