0.000000 0.708462 156
0.708462 2.967880 2
2.967880 5.189003 23
5.189003 7.429273 2
7.429273 9.669544 23
9.669544 11.852371 2
11.852371 14.035199 23
14.035199 16.275469 2
16.275469 18.534888 23
18.534888 20.641125 2
20.641125 22.862248 23
22.862248 23.647300 2
23.647300 25.006780 23
25.006780 25.887570 16
25.887570 27.266198 9
27.266198 29.410731 2
29.410731 31.612706 23
31.612706 33.833829 2
33.833829 36.035804 23
36.035804 38.276075 2
38.276075 40.420607 23
40.420607 42.641730 2
42.641730 44.882001 23
44.882001 47.026533 2
47.026533 49.056180 23
49.056180 49.936970 2
49.936970 51.315598 23
51.315598 52.196388 16
52.196388 53.594164 9
53.594164 56.753520 2
56.753520 57.251357 2
57.251357 57.710900 2
57.710900 66.480506 7
66.480506 73.909779 2
73.909779 74.388469 2
74.388469 74.943750 2
74.943750 83.502732 7
83.502732 87.753502 52
87.753502 91.965977 9
91.965977 94.167952 2
94.167952 96.255042 23
96.255042 98.514460 2
98.514460 100.563254 23
100.563254 101.558930 2
101.558930 102.995001 23
102.995001 103.799200 16
103.799200 105.196976 9
105.196976 108.356332 2
108.356332 108.988203 2
108.988203 109.562631 2
109.562631 118.255647 7
118.255647 125.780658 2
125.780658 126.335939 2
126.335939 126.872072 2
126.872072 131.161137 7
131.161137 135.545940 19
135.545940 139.796709 52
139.796709 144.200660 9
144.200660 146.211159 2
146.211159 148.451430 23
148.451430 150.615110 2
150.615110 152.836233 23
152.836233 153.659580 2
153.659580 155.038208 23
155.038208 155.861555 16
155.861555 157.240183 9
157.240183 159.480454 2
159.480454 161.624986 23
161.624986 163.941847 2
163.941847 165.990642 23
165.990642 168.173469 2
168.173469 170.528625 23
170.528625 174.530476 2
174.530476 177.580408 156
