0.000000 2.612267 156
2.612267 11.459070 4
11.459070 12.921927 9
12.921927 17.443474 4
17.443474 20.410362 11
20.410362 21.908049 4
21.908049 23.370907 52
23.370907 24.856984 9
24.856984 26.343061 21
26.343061 27.840748 4
27.840748 29.350045 11
29.350045 35.305963 4
35.305963 36.803650 9
36.803650 41.263102 4
41.263102 44.245646 11
44.245646 45.720113 4
45.720113 47.206190 52
47.206190 48.692267 9
48.692267 50.155124 21
50.155124 51.652811 4
51.652811 53.138888 11
53.138888 56.111043 4
56.111043 65.131995 9
65.131995 68.150589 11
68.150589 71.192403 9
71.192403 74.199387 4
74.199387 75.697074 9
75.697074 80.236575 4
80.236575 83.208730 11
83.208730 86.221693 4
86.221693 87.736621 9
87.736621 89.257528 21
89.257528 90.720385 4
90.720385 92.157453 11
92.157453 104.106689 4
104.106689 107.125283 11
107.125283 110.178707 4
110.178707 113.124087 9
113.124087 114.613718 4
114.613718 116.099795 11
116.099795 118.944961 4
118.944961 128.046462 9
128.046462 131.053446 11
131.053446 134.037210 9
134.037210 137.044195 4
137.044195 138.475524 9
138.475524 143.058163 4
143.058163 146.041927 11
146.041927 147.551224 4
147.551224 149.060521 52
149.060521 150.511768 9
150.511768 152.021065 21
152.021065 153.530362 4
153.530362 155.062879 11
155.062879 159.532721 4
159.532721 161.065238 11
161.065238 165.581519 4
165.581519 167.114036 11
167.114036 168.646553 9
168.646553 169.737409 4
169.737409 171.687173 52
171.687173 175.804082 156
