0.000000 1.073119 156
1.073119 2.512756 11
2.512756 4.103323 9
4.103323 5.682280 4
5.682280 7.284457 11
7.284457 13.890534 4
13.890534 17.106498 9
17.106498 20.438561 4
20.438561 22.098788 11
22.098788 23.759015 9
23.759015 25.505471 4
25.505471 27.067858 11
27.067858 33.685546 4
33.685546 36.947949 9
36.947949 40.256793 4
40.256793 41.905409 11
41.905409 43.600466 9
43.600466 45.303248 4
45.303248 46.886090 11
46.886090 53.654707 4
53.654707 57.009990 9
57.009990 60.376883 4
60.376883 62.013890 11
62.013890 63.720557 9
63.720557 65.562273 4
65.562273 67.052620 11
67.052620 73.600648 4
73.600648 76.909491 9
76.909491 80.264775 4
80.264775 82.006271 11
82.006271 83.666498 9
83.666498 85.454434 4
85.454434 87.056611 11
87.056611 93.929718 4
93.929718 97.308221 9
97.308221 100.709945 4
100.709945 102.439831 11
102.439831 104.146498 9
104.146498 105.899604 4
105.899604 107.583051 11
107.583051 114.398108 4
114.398108 117.823051 9
117.823051 121.201555 4
121.201555 122.908221 11
122.908221 124.614888 9
124.614888 126.681448 4
126.681448 128.086271 11
128.086271 134.924548 4
134.924548 138.337881 9
138.337881 141.716385 4
141.716385 143.493051 11
143.493051 147.513469 156
