0.000000 0.478690 156
0.478690 4.327360 18
4.327360 6.242121 9
6.242121 8.195178 4
8.195178 15.102697 18
15.102697 16.913854 18
16.913854 18.678570 -1
18.678570 20.478117 42
20.478117 22.312493 11
22.312493 24.112040 18
24.112040 25.923196 -1
25.923196 27.745962 42
27.745962 29.580339 11
29.580339 33.167822 18
33.167822 34.990588 9
34.990588 36.732085 4
36.732085 37.927913 18
37.927913 38.578071 23
38.578071 40.296348 18
40.296348 41.248366 18
41.248366 42.072674 23
42.072674 43.802561 18
43.802561 46.066507 9
46.066507 48.249182 11
48.249182 50.431858 18
50.431858 52.626144 11
52.626144 54.808820 9
54.808820 56.991495 4
56.991495 63.887822 18
63.887822 65.687368 18
65.687368 67.486915 -1
67.486915 69.286461 42
69.286461 71.097618 11
71.097618 72.931994 18
72.931994 74.731541 -1
74.731541 76.542697 42
76.542697 78.330634 11
78.330634 81.929727 18
81.929727 83.752493 9
83.752493 85.505600 4
85.505600 86.480838 18
86.480838 87.305146 23
87.305146 89.035033 18
89.035033 90.056711 18
90.056711 90.822969 23
90.822969 92.529636 18
92.529636 94.781971 9
94.781971 97.034307 11
97.034307 99.263423 18
99.263423 101.446098 11
101.446098 106.206189 9
106.206189 111.477119 4
111.477119 112.533627 18
112.533627 113.044466 23
113.044466 113.989991 18
113.989991 114.621863 23
114.621863 115.598391 18
115.598391 116.295259 23
116.295259 120.346998 6
120.346998 125.152653 156
