0.000000 2.067942 9
2.067942 2.955306 110
2.955306 3.733784 2
3.733784 5.834580 9
5.834580 6.809818 110
6.809818 7.494807 2
7.494807 9.689092 9
9.689092 10.641111 110
10.641111 11.430589 2
11.430589 13.531995 9
13.531995 14.507233 110
14.507233 15.319931 2
15.319931 22.158208 9
22.158208 25.025873 11
25.025873 32.514308 4
32.514308 34.453174 9
34.453174 35.393582 110
35.393582 36.078571 2
36.078571 42.905238 9
42.905238 45.738072 11
45.738072 53.238117 4
53.238117 55.130544 9
55.130544 56.036122 110
56.036122 56.941700 2
56.941700 58.822517 23
58.822517 60.656893 95
60.656893 62.572539 9
62.572539 64.453356 11
64.453356 66.392222 23
66.392222 68.214988 95
68.214988 69.085736 9
69.085736 71.976621 117
71.976621 78.513038 9
78.513038 81.345873 11
81.345873 88.787868 4
88.787868 90.691904 9
90.691904 91.574263 110
91.574263 92.526281 2
92.526281 94.383877 23
94.383877 96.299523 95
96.299523 98.168730 9
98.168730 100.061156 11
100.061156 102.000022 23
102.000022 103.880839 95
103.880839 104.658707 9
104.658707 107.619251 117
107.619251 114.178888 9
114.178888 117.000113 11
117.000113 124.500158 4
124.500158 126.462244 9
126.462244 127.391043 110
127.391043 128.366281 2
128.366281 130.270317 9
130.270317 131.280385 110
131.280385 132.174353 2
132.174353 134.148049 9
134.148049 135.076848 110
135.076848 136.028866 2
136.028866 137.956122 9
137.956122 138.861700 110
138.861700 139.732448 2
139.732448 141.752585 9
141.752585 142.704603 110
142.704603 143.494081 2
143.494081 145.595487 9
145.595487 149.890612 156
