0.000000 0.459543 156
0.459543 1.340333 16
1.340333 2.278566 9
2.278566 2.948732 16
2.948732 3.389127 9
3.389127 4.102040 7
4.102040 5.007619 16
5.007619 5.878367 9
5.878367 6.586576 16
6.586576 7.062585 9
7.062585 7.735963 7
7.735963 9.535510 59
9.535510 11.369886 57
11.369886 12.287074 16
12.287074 12.971571 9
12.971571 13.384180 16
13.384180 15.027029 59
15.027029 18.010793 4
18.010793 18.719002 9
18.719002 21.737596 4
21.737596 22.457415 4
22.457415 26.126167 57
26.126167 29.771700 4
29.771700 31.617687 59
31.617687 33.440453 57
33.440453 35.286440 52
35.286440 35.553469 52
35.553469 37.132426 59
37.132426 40.127800 4
40.127800 40.859229 9
40.859229 44.562811 4
44.562811 48.266394 57
48.266394 52.016417 4
52.016417 53.885623 59
53.885623 55.685170 57
55.685170 57.774966 52
57.774966 59.423582 59
59.423582 62.505413 4
62.505413 63.173605 9
63.173605 66.970068 4
66.970068 70.685260 57
70.685260 74.400453 52
74.400453 76.269660 59
76.269660 78.127256 57
78.127256 80.217052 52
80.217052 81.865669 59
81.865669 82.755976 4
82.755976 83.734875 9
83.734875 84.431474 16
84.431474 84.895873 9
84.895873 85.615691 7
85.615691 86.544489 16
86.544489 87.450068 9
87.450068 88.169886 16
88.169886 88.622675 9
88.622675 89.296054 7
89.296054 91.142040 59
91.142040 93.022857 57
93.022857 93.986485 16
93.986485 94.641413 9
94.641413 95.135873 16
95.135873 96.749660 59
96.749660 99.849523 4
99.849523 100.569342 9
100.569342 104.354195 4
104.354195 108.092607 9
108.092607 111.796190 4
111.796190 113.665396 59
113.665396 115.511383 57
115.511383 117.612789 52
117.612789 119.203356 59
119.203356 120.132113 4
120.132113 121.095782 9
121.095782 122.976598 4
122.976598 124.845805 4
124.845805 126.680181 4
126.680181 130.383764 9
130.383764 134.098957 4
134.098957 135.979773 59
135.979773 137.848979 57
137.848979 139.973605 52
139.973605 141.599002 59
141.599002 145.383855 4
145.383855 149.110657 4
149.110657 152.814240 9
152.814240 156.564263 4
156.564263 158.479909 59
158.479909 160.291065 57
160.291065 161.261181 4
161.261181 162.195102 9
162.195102 163.019410 4
163.019410 166.053618 52
166.053618 167.444898 156
