0.000000 0.440395 156
0.440395 1.724648 7
1.724648 3.504013 5
3.504013 7.483197 7
7.483197 11.105510 7
11.105510 14.437573 5
14.437573 17.955396 7
17.955396 21.461609 5
21.461609 22.529727 23
22.529727 23.400476 23
23.400476 24.294444 23
24.294444 25.153582 23
25.153582 26.001111 23
26.001111 26.871859 23
26.871859 27.765827 23
27.765827 28.601746 23
28.601746 29.495714 0
29.495714 30.378072 0
30.378072 31.248820 21
31.248820 32.084739 2
32.084739 35.532902 7
35.532902 38.911405 7
38.911405 42.417619 5
42.417619 45.993492 7
45.993492 49.511315 5
49.511315 50.544603 23
50.544603 51.403741 23
51.403741 52.309319 23
52.309319 52.982698 23
52.982698 54.062426 23
54.062426 54.956394 23
54.956394 55.850362 23
55.850362 56.697891 23
56.697891 57.591859 0
57.591859 58.462607 0
58.462607 59.333356 21
59.333356 60.180884 2
60.180884 63.629047 7
63.629047 65.382154 7
65.382154 68.841927 0
68.841927 70.618253 2
70.618253 74.101247 7
74.101247 77.688730 7
77.688730 81.009183 5
81.009183 84.550226 7
84.550226 88.218979 5
88.218979 89.089727 23
89.089727 90.006916 23
90.006916 90.866054 23
90.866054 91.748412 23
91.748412 92.619160 23
92.619160 93.489909 23
93.489909 94.372267 23
94.372267 95.254625 23
95.254625 96.102154 0
96.102154 97.007732 0
97.007732 97.878480 21
97.878480 98.749229 2
98.749229 102.185782 7
102.185782 103.927278 7
103.927278 107.398662 0
107.398662 109.163378 2
109.163378 112.808911 7
112.808911 114.248548 7
114.248548 114.962258 5
114.962258 115.536686 108
115.536686 116.034524 0
116.034524 118.198204 7
118.198204 121.644104 0
121.644104 123.408820 2
123.408820 126.810544 7
126.810544 131.605464 7
131.605464 133.799750 115
133.799750 135.100068 7
135.100068 137.305963 115
137.305963 139.070680 7
139.070680 140.777346 115
140.777346 142.042834 7
142.042834 144.225510 115
144.225510 146.153716 7
146.153716 150.648163 156
