0.000000 0.459543 156
0.459543 1.550498 0
1.550498 2.850816 16
2.850816 4.197573 21
4.197573 5.497891 16
5.497891 6.821428 21
6.821428 8.133356 14
8.133356 9.516363 7
9.516363 14.948412 48
14.948412 17.653537 53
17.653537 20.393492 48
20.393492 21.821519 7
21.821519 24.607913 53
24.607913 26.012721 48
26.012721 31.539070 48
31.539070 34.383514 53
34.383514 37.100249 48
37.100249 38.493446 7
38.493446 39.979523 53
39.979523 41.291451 53
41.291451 42.696258 48
42.696258 44.101065 16
44.101065 45.494263 21
45.494263 48.303877 0
48.303877 49.697074 16
49.697074 51.078662 21
51.078662 52.460249 14
52.460249 53.934716 7
53.934716 59.530725 48
59.530725 62.328730 53
62.328730 65.138344 48
65.138344 66.519931 7
66.519931 67.994399 53
67.994399 69.352766 53
69.352766 70.827233 48
70.827233 72.185600 48
72.185600 77.758390 48
77.758390 80.568004 53
80.568004 83.377619 48
83.377619 84.805646 7
84.805646 86.222063 53
86.222063 87.615260 48
87.615260 89.054897 48
89.054897 90.378435 16
90.378435 91.794852 21
91.794852 94.604467 0
94.604467 96.009274 16
96.009274 97.414081 21
97.414081 98.807278 14
98.807278 100.235306 7
100.235306 105.877755 48
105.877755 108.722199 53
108.722199 111.520204 48
111.520204 112.936621 7
112.936621 114.411088 53
114.411088 115.804285 53
115.804285 117.220702 48
117.220702 118.602290 16
118.602290 119.925827 21
119.925827 121.214535 16
121.214535 122.642562 21
122.642562 124.000929 14
124.000929 125.475396 7
125.475396 130.165461 48
130.165461 134.948571 156
