0.000000 0.414179 156
0.414179 4.365655 5
4.365655 6.690592 7
6.690592 8.780606 0
8.780606 9.717289 21
9.717289 10.634761 7
10.634761 12.376258 0
12.376258 14.199024 5
14.199024 15.986961 0
15.986961 19.597664 5
19.597664 21.339160 7
21.339160 23.115487 0
23.115487 24.938253 21
24.938253 26.726190 0
26.726190 28.525736 5
28.525736 30.267233 0
30.267233 33.912766 5
33.912766 35.689530 7
35.689530 39.251474 0
39.251474 42.852448 21
42.852448 46.428321 0
46.428321 50.062244 21
50.062244 53.684557 7
53.684557 55.484104 0
55.484104 57.237210 5
57.237210 59.059977 0
59.059977 62.612630 5
62.612630 64.412176 7
64.412176 68.027392 0
68.027392 71.598752 21
71.598752 75.232675 0
75.232675 78.889818 21
78.889818 82.535351 7
82.535351 84.314205 0
84.314205 86.122834 5
86.122834 87.887551 0
87.887551 91.520928 5
91.520928 93.356062 7
93.356062 95.155396 0
95.155396 97.012993 21
97.012993 98.812539 0
98.812539 100.635306 21
100.635306 102.469682 0
102.469682 104.269229 21
104.269229 106.161655 0
106.161655 110.184490 156
