0.000000 0.421247 156
0.421247 1.274255 9
1.274255 2.166234 4
2.166234 3.953211 9
3.953211 5.746892 9
5.746892 7.505864 4
7.505864 9.305410 50
9.305410 11.070127 4
11.070127 11.964095 9
11.964095 12.800013 2
12.800013 13.723731 9
13.723731 14.541510 4
14.541510 16.329446 9
16.329446 18.117383 9
18.117383 18.954550 9
18.954550 19.882100 57
19.882100 21.658426 2
21.658426 23.411533 2
23.411533 24.340331 9
24.340331 25.211079 4
25.211079 26.999016 9
26.999016 28.752122 9
28.752122 30.482009 4
30.482009 32.304775 50
32.304775 34.081102 4
34.081102 34.975070 9
34.975070 35.810988 2
35.810988 37.598925 9
37.598925 39.375251 9
39.375251 41.174798 9
41.174798 42.010716 9
42.010716 42.893075 57
42.893075 44.715841 2
44.715841 46.457338 2
46.457338 47.386136 9
47.386136 48.233664 4
48.233664 49.998381 9
49.998381 51.797927 42
51.797927 53.551034 11
53.551034 55.374892 2
55.374892 57.057247 4
57.057247 58.903233 9
58.903233 60.679560 4
60.679560 62.432666 50
62.432666 64.232213 4
64.232213 65.161011 9
65.161011 66.043369 2
66.043369 67.831306 9
67.831306 69.665682 9
69.665682 71.418789 4
71.418789 73.148676 50
73.148676 74.936612 4
74.936612 75.865410 9
75.865410 76.770988 2
76.770988 78.535705 9
78.535705 80.346861 42
80.346861 82.134798 11
82.134798 83.934344 2
83.934344 85.699061 4
85.699061 87.533437 9
87.533437 89.321374 4
89.321374 91.074480 50
91.074480 92.966907 4
92.966907 93.895705 9
93.895705 94.731623 2
94.731623 96.519560 9
96.519560 98.353936 9
98.353936 100.257973 9
100.257973 101.128721 9
101.128721 102.034299 57
102.034299 103.880285 2
103.880285 105.679832 2
105.679832 106.597020 9
106.597020 107.456158 4
107.456158 109.278925 9
109.278925 111.032032 9
111.032032 112.854798 4
112.854798 114.712394 50
114.712394 116.558381 4
116.558381 117.475569 9
117.475569 118.404367 2
118.404367 120.192304 9
120.192304 122.901657 9
122.901657 127.582041 156
