0.000000 0.414094 156
0.414094 1.329503 2
1.329503 1.770682 62
1.770682 2.258301 2
2.258301 3.117439 4
3.117439 3.593448 64
3.593448 3.999798 4
3.999798 4.893766 7
4.893766 5.323335 67
5.323335 5.764514 7
5.764514 6.623653 2
6.623653 7.064832 62
7.064832 7.494401 2
7.494401 9.212677 2
9.212677 10.919344 4
10.919344 12.660841 7
12.660841 14.425557 2
14.425557 16.143834 2
16.143834 17.908550 4
17.908550 19.638437 7
19.638437 21.310274 2
21.310274 23.133040 23
23.133040 24.828097 7
24.828097 26.534764 23
26.534764 28.241430 4
28.241430 29.948097 2
29.948097 31.654764 4
31.654764 33.349820 7
33.349820 35.114537 2
35.114537 36.867643 2
36.867643 38.574310 4
38.574310 40.315807 7
40.315807 42.045693 2
42.045693 43.763970 2
43.763970 45.505467 4
45.505467 47.223743 7
47.223743 48.930410 2
48.930410 50.671906 23
50.671906 52.378573 7
52.378573 54.027190 23
54.027190 55.780296 4
55.780296 57.521793 2
57.521793 59.205240 4
59.205240 60.888687 7
60.888687 62.630183 2
62.630183 66.101566 9
66.101566 69.665829 23
69.665829 73.125603 4
73.125603 74.843879 7
74.843879 76.608596 57
76.608596 78.292043 2
78.292043 80.010319 4
80.010319 81.728596 7
81.728596 83.481702 2
83.481702 85.223199 2
85.223199 86.906646 4
86.906646 88.648142 7
88.648142 90.389639 2
90.389639 92.096306 23
92.096306 93.814582 7
93.814582 95.544469 23
95.544469 97.274355 4
97.274355 98.981022 2
98.981022 100.699299 4
100.699299 102.417575 7
102.417575 104.170682 2
104.170682 107.618845 9
107.618845 111.183108 23
111.183108 114.642882 4
114.642882 116.384378 7
116.384378 118.114265 57
118.114265 119.832541 2
119.832541 121.550818 4
121.550818 123.303925 7
123.303925 125.068641 2
125.068641 126.786918 2
126.786918 128.563244 4
128.563244 130.339571 7
130.339571 132.081067 2
132.081067 133.776124 23
133.776124 135.506011 7
135.506011 137.189457 23
137.189457 138.919344 4
138.919344 140.660841 2
140.660841 142.379117 4
142.379117 144.085784 7
144.085784 145.815671 2
145.815671 147.510727 7
147.510727 149.240614 2
149.240614 150.970501 7
150.970501 152.711997 2
152.711997 153.582745 2
153.582745 154.058755 62
154.058755 154.511544 2
154.511544 155.370682 4
155.370682 155.858301 64
155.858301 156.311090 4
156.311090 157.158618 7
157.158618 157.599798 67
157.599798 158.075807 7
158.075807 161.214817 2
161.214817 165.433469 156
