0.000000 0.478690 156
0.478690 2.456077 7
2.456077 3.442925 7
3.442925 4.394943 2
4.394943 5.370181 5
5.370181 6.345419 7
6.345419 8.342335 0
8.342335 9.236303 5
9.236303 10.199931 0
10.199931 11.175170 7
11.175170 12.162018 2
12.162018 13.125646 5
13.125646 14.100884 7
14.100884 16.062970 0
16.062970 17.014988 5
17.014988 18.013446 0
18.013446 19.940702 2
19.940702 20.892721 7
20.892721 21.856349 2
21.856349 22.843197 5
22.843197 23.841655 7
23.841655 25.780521 0
25.780521 26.709319 5
26.709319 27.684557 0
27.684557 28.648185 7
28.648185 29.635034 2
29.635034 30.598662 5
30.598662 31.585510 7
31.585510 33.535986 0
33.535986 34.499614 5
34.499614 35.486462 0
35.486462 36.473310 2
36.473310 37.436938 2
37.436938 38.435396 2
38.435396 39.399024 2
39.399024 41.361111 7
41.361111 43.311587 0
43.311587 44.263605 110
44.263605 45.227233 2
45.227233 46.202471 2
46.202471 47.154489 2
47.154489 49.151405 7
49.151405 51.078662 0
51.078662 52.042290 110
52.042290 53.017528 2
53.017528 53.969546 2
53.969546 54.991224 2
54.991224 56.024512 7
56.024512 56.988140 2
56.988140 57.916938 5
57.916938 58.903786 7
58.903786 60.842653 0
60.842653 61.852721 5
61.852721 62.816349 0
62.816349 63.779977 7
63.779977 64.766825 2
64.766825 65.742063 5
65.742063 66.705691 7
66.705691 68.690997 0
68.690997 69.654625 5
69.654625 70.618253 0
70.618253 72.568730 2
72.568730 73.555578 7
73.555578 74.565646 2
74.565646 75.506054 5
75.506054 76.527732 7
76.527732 78.513038 0
78.513038 79.441836 5
79.441836 80.393854 0
80.393854 81.380702 7
81.380702 82.390770 2
82.390770 83.296349 5
83.296349 84.318027 7
84.318027 86.349773 0
86.349773 87.301791 5
87.301791 88.253809 0
88.253809 89.205827 2
89.205827 90.181065 2
90.181065 91.179523 2
91.179523 92.119931 2
92.119931 94.116848 7
94.116848 96.044104 0
96.044104 96.984512 110
96.984512 97.924920 2
97.924920 98.923378 2
98.923378 99.875396 2
99.875396 101.860702 7
101.860702 103.811179 0
103.811179 104.798027 110
104.798027 105.750045 2
105.750045 106.702063 2
106.702063 107.735351 2
107.735351 108.675759 7
108.675759 109.616167 2
109.616167 110.603015 5
110.603015 111.613083 7
111.613083 113.610000 0
113.610000 114.550408 5
114.550408 115.514036 0
115.514036 116.512494 7
116.512494 117.522562 2
117.522562 118.462970 5
118.462970 119.461428 7
119.461428 121.493174 0
121.493174 122.456802 5
122.456802 123.408820 0
123.408820 126.910367 7
126.910367 131.448163 156
