0.000000 0.325509 156
0.325509 2.072947 2
2.072947 2.607006 2
2.607006 3.175895 2
3.175895 3.756394 2
3.756394 4.348503 2
4.348503 4.975442 52
4.975442 5.532721 9
5.532721 6.774988 2
6.774988 7.390317 2
7.390317 7.982426 2
7.982426 8.586145 2
8.586145 9.155034 2
9.155034 10.374081 52
10.374081 11.581519 9
11.581519 12.765736 23
12.765736 13.949954 131
13.949954 15.134172 50
15.134172 16.341609 7
16.341609 17.525827 88
17.525827 18.094716 2
18.094716 18.710045 11
18.710045 19.313764 52
19.313764 19.917482 9
19.917482 20.463151 2
20.463151 21.008820 11
21.008820 21.635759 52
21.635759 22.204648 9
22.204648 22.575034 2
22.575034 23.144490 -1
