0.000000 1.110561 156
1.110561 2.359153 0
2.359153 4.231622 5
4.231622 6.213665 7
6.213665 10.033348 60
10.033348 11.995434 5
11.995434 13.911080 7
13.911080 17.520064 60
17.520064 19.402600 21
19.402600 21.295026 16
21.295026 23.129402 29
23.129402 25.300468 16
25.300468 27.250944 14
27.250944 29.166590 7
29.166590 33.032713 60
33.032713 34.936749 5
34.936749 36.852395 7
36.852395 40.706908 60
40.706908 42.680604 5
42.680604 44.556491 7
44.556491 48.172123 60
48.172123 50.029720 21
50.029720 51.956976 16
51.956976 53.814572 29
53.814572 55.915978 16
55.915978 57.843234 5
57.843234 59.782101 7
59.782101 63.706273 60
63.706273 65.621919 0
65.621919 67.514346 4
67.514346 71.368858 9
71.368858 73.261284 14
73.261284 75.188541 5
75.188541 78.985003 0
78.985003 80.900649 0
80.900649 82.793076 4
82.793076 86.624368 9
86.624368 88.551624 14
88.551624 90.444051 5
90.444051 94.298563 0
94.298563 96.260649 5
96.260649 98.187906 7
98.187906 102.065638 60
102.065638 103.992894 5
103.992894 105.943371 7
105.943371 109.577293 60
109.577293 111.446500 21
111.446500 113.327316 16
113.327316 115.231352 29
115.231352 117.344368 16
117.344368 119.341284 5
119.341284 121.210491 7
121.210491 124.844414 60
124.844414 126.736840 21
126.736840 128.629266 16
128.629266 130.428813 29
130.428813 133.363112 24
133.363112 137.848163 156
