0.000000 0.459543 156
0.459543 0.993219 6
0.993219 2.595396 1
2.595396 3.187505 11
3.187505 4.905782 6
4.905782 5.451451 15
5.451451 7.134897 20
7.134897 7.703786 20
7.703786 9.375623 1
9.375623 9.921292 11
9.921292 11.546689 1
11.546689 12.057528 11
12.057528 13.775804 6
13.775804 14.309863 15
14.309863 15.877210 20
15.877210 16.434489 20
16.434489 18.071496 1
18.071496 18.640385 11
18.640385 20.242562 1
20.242562 20.811451 11
20.811451 22.402018 6
22.402018 22.970907 15
22.970907 24.561473 20
24.561473 25.095532 20
25.095532 26.732539 1
26.732539 27.254988 11
27.254988 28.880385 1
28.880385 29.449274 11
29.449274 31.074671 6
31.074671 31.643560 15
31.643560 33.222517 20
33.222517 33.779795 20
33.779795 35.974081 1
35.974081 38.103746 6
38.103746 42.487278 1
42.487278 44.600294 6
44.600294 46.724920 6
46.724920 51.043832 1
51.043832 53.168458 6
53.168458 54.793854 1
54.793854 55.327913 11
55.327913 56.988140 6
56.988140 57.498979 15
57.498979 59.112766 20
59.112766 59.635215 20
59.635215 61.330272 1
61.330272 61.899160 11
61.899160 63.454897 1
63.454897 64.047006 11
64.047006 65.625963 6
65.625963 68.356972 6
68.356972 69.956485 1
69.956485 70.513764 11
70.513764 72.696439 6
72.696439 74.867505 1
74.867505 76.980521 1
76.980521 79.116757 6
79.116757 81.241383 6
81.241383 83.354399 1
83.354399 85.502244 1
85.502244 87.650090 6
87.650090 89.229047 1
89.229047 89.821156 11
89.821156 91.458163 6
91.458163 92.003832 15
92.003832 93.582789 20
93.582789 94.186507 20
94.186507 95.869954 1
95.869954 96.438843 11
96.438843 98.122290 1
98.122290 98.644739 11
98.644739 100.270136 6
100.270136 100.888763 15
100.888763 102.429591 20
102.429591 102.986870 20
102.986870 104.681927 1
104.681927 105.227596 11
105.227596 106.876213 1
106.876213 107.410272 11
107.410272 109.082108 6
109.082108 109.616167 15
109.616167 111.218344 20
111.218344 111.764013 20
111.764013 113.366190 1
113.366190 113.935079 11
113.935079 115.514036 1
115.514036 116.059705 11
116.059705 117.708321 6
117.708321 118.184331 15
118.184331 119.844557 20
119.844557 120.378616 20
120.378616 122.549682 1
122.549682 124.778798 6
124.778798 129.039659 1
129.039659 131.164285 6
131.164285 133.323741 6
133.323741 137.619433 1
137.619433 139.755668 6
139.755668 141.915124 6
141.915124 144.062970 1
144.062970 146.199206 1
146.199206 148.358662 6
148.358662 150.460068 6
150.460068 152.665963 1
152.665963 154.767369 1
154.767369 156.799788 6
156.799788 160.417959 156
