0.000000 6.146383 156
6.146383 12.560883 50
12.560883 13.958609 50
13.958609 19.608139 50
19.608139 20.947487 50
20.947487 23.044692 50
23.044692 26.597345 0
26.597345 28.408502 55
28.408502 35.513808 50
35.513808 36.860565 50
36.860565 42.595894 50
42.595894 43.907821 50
43.907821 46.102107 50
46.102107 49.631540 0
49.631540 51.477527 55
51.477527 60.382379 50
60.382379 62.170316 48
62.170316 67.342149 50
67.342149 71.017118 48
71.017118 85.297391 50
85.297391 88.931313 0
88.931313 90.800520 55
90.800520 98.033536 50
98.033536 99.376102 50
99.376102 105.289771 50
105.289771 106.636529 50
106.636529 108.900474 50
108.900474 112.522787 0
112.522787 114.391994 55
114.391994 118.095576 50
118.095576 121.717889 50
121.717889 123.111087 50
123.111087 128.997345 50
128.997345 130.402152 50
130.402152 132.549998 50
132.549998 136.183921 0
136.183921 138.053127 55
138.053127 139.875894 50
139.875894 143.625917 53
143.625917 147.201790 50
147.201790 148.566315 50
148.566315 154.980765 50
154.980765 159.007347 156
