0.000000 0.366281 156
0.366281 3.605464 9
3.605464 5.463061 2
5.463061 7.262607 4
7.262607 10.966190 9
10.966190 12.591587 2
12.591587 14.704603 4
14.704603 18.326916 9
18.326916 20.172902 2
20.172902 21.995668 11
21.995668 23.853265 9
23.853265 24.480204 62
24.480204 25.165192 9
25.165192 25.838571 23
25.838571 26.500340 9
26.500340 26.987959 112
26.987959 27.452358 52
27.452358 31.202380 9
31.202380 33.059977 2
33.059977 34.929183 4
34.929183 38.655986 9
38.655986 40.525192 2
40.525192 42.382789 4
42.382789 46.132811 9
46.132811 48.036848 2
48.036848 49.906054 11
49.906054 51.763650 9
51.763650 52.437029 62
52.437029 53.110408 9
53.110408 53.830226 23
53.830226 54.491995 9
54.491995 55.002834 112
55.002834 55.467233 52
55.467233 57.324829 9
57.324829 59.124376 4
59.124376 62.874399 9
62.874399 64.743605 2
64.743605 66.636031 4
66.636031 70.374444 9
70.374444 72.255260 2
72.255260 74.136077 4
74.136077 77.932539 9
77.932539 79.790136 2
79.790136 81.670952 11
81.670952 83.493718 9
83.493718 84.213537 62
84.213537 84.898526 9
84.898526 85.595124 23
85.595124 86.280113 9
86.280113 86.756122 112
86.756122 87.243741 52
87.243741 89.089727 9
89.089727 90.726734 4
90.726734 91.365283 0
91.365283 92.073492 7
92.073492 92.746870 2
92.746870 93.211269 2
93.211269 95.022426 9
95.022426 96.589773 4
96.589773 97.274761 0
97.274761 97.924920 7
97.924920 98.621519 2
98.621519 99.109138 2
99.109138 100.908684 9
100.908684 102.464421 4
102.464421 103.126190 0
103.126190 103.822789 7
103.822789 104.507777 2
104.507777 104.983786 2
104.983786 106.806553 9
106.806553 108.339070 4
108.339070 109.024058 0
109.024058 109.697437 7
109.697437 110.394036 2
110.394036 110.846825 2
110.846825 112.681201 9
112.681201 114.236938 4
114.236938 114.910317 0
114.910317 115.548866 7
115.548866 116.245464 2
116.245464 116.709863 2
116.709863 118.555850 9
118.555850 120.076757 4
120.076757 120.726916 0
120.726916 121.435124 7
121.435124 122.108503 2
122.108503 122.561292 2
122.561292 124.418888 9
124.418888 126.206825 4
126.206825 127.809002 112
127.809002 129.620158 4
129.620158 131.628684 52
131.628684 135.413537 9
135.413537 137.259523 2
137.259523 139.105510 4
139.105510 142.843922 9
142.843922 144.724739 2
144.724739 146.593945 4
146.593945 150.332358 9
150.332358 152.236394 2
152.236394 154.105600 11
154.105600 155.974807 9
155.974807 156.659795 62
156.659795 157.391224 9
157.391224 158.041383 23
158.041383 158.691541 9
158.691541 159.179160 112
159.179160 159.655170 52
159.655170 163.370362 9
163.370362 165.181519 2
165.181519 167.120385 11
167.120385 169.012811 9
169.012811 169.639750 62
169.639750 170.359569 9
170.359569 171.044557 23
171.044557 171.752766 9
171.752766 172.205555 112
172.205555 172.681564 52
172.681564 174.550770 9
174.550770 175.247369 62
175.247369 175.955578 9
175.955578 176.663786 23
176.663786 177.302335 9
177.302335 177.766734 112
177.766734 178.254353 52
178.254353 178.985782 45
178.985782 179.705600 7
179.705600 180.425419 2
180.425419 181.029138 2
181.029138 183.591089 9
183.591089 185.573878 156
