0.000000 0.402100 156
0.402100 2.412599 9
2.412599 3.255094 156
3.255094 14.073494 9
14.073494 16.217460 52
16.217460 22.521678 9
22.521678 27.537188 2
27.537188 32.622358 9
32.622358 38.891746 9
38.891746 43.942086 2
43.942086 48.829886 4
48.829886 51.326031 23
51.326031 53.845396 4
53.845396 56.364761 23
56.364761 56.782721 7
56.782721 57.308800 9
57.308800 60.021904 6
60.021904 62.506439 4
62.506439 64.990975 9
64.990975 67.359410 2
67.359410 69.832335 9
69.832335 72.340090 2
72.340090 74.743356 9
74.743356 77.181451 2
77.181451 82.150521 4
82.150521 88.210929 9
88.210929 93.098730 2
93.098730 97.905260 9
97.905260 104.012108 9
104.012108 108.888299 2
108.888299 113.718049 4
113.718049 116.109705 23
116.109705 118.524580 4
118.524580 121.043945 23
121.043945 121.473514 7
121.473514 122.077233 9
122.077233 124.724308 6
124.724308 126.999863 4
126.999863 129.368299 9
129.368299 131.759954 2
131.759954 134.058730 9
134.058730 136.461995 2
136.461995 138.842040 9
138.842040 141.233696 2
141.233696 145.982176 4
145.982176 151.984535 9
151.984535 156.767845 2
156.767845 161.597596 9
161.597596 167.553514 9
167.553514 172.278775 2
172.278775 173.515653 4
173.515653 174.705260 124
174.705260 175.854648 64
175.854648 177.015646 52
177.015646 179.395691 23
179.395691 181.822176 4
181.822176 184.225442 23
184.225442 184.643401 7
184.643401 185.223900 9
185.223900 187.847755 6
187.847755 190.158140 4
190.158140 192.561405 9
192.561405 194.906621 2
194.906621 197.251836 9
197.251836 199.620272 2
199.620272 201.988707 9
201.988707 204.333922 2
204.333922 209.837052 4
209.837052 212.193877 9
212.193877 214.527482 2
214.527482 216.895918 9
216.895918 219.275963 2
219.275963 221.609569 9
221.609569 223.896734 2
223.896734 226.218730 9
226.218730 228.691655 2
228.691655 230.967210 9
230.967210 233.335646 2
233.335646 235.692471 9
235.692471 238.026077 2
238.026077 240.290022 9
240.290022 242.612018 2
242.612018 244.945623 9
244.945623 247.290839 2
247.290839 249.624444 9
249.624444 252.016099 2
252.016099 254.338095 9
254.338095 255.738776 156
