0.000000 0.628039 156
0.628039 1.064580 4
1.064580 1.575419 9
1.575419 2.121088 -1
2.121088 2.597097 156
2.597097 3.107936 4
3.107936 3.641995 9
3.641995 4.106394 -1
4.106394 4.594013 156
4.594013 5.139682 4
5.139682 5.638911 9
5.638911 6.103310 -1
6.103310 6.602539 156
6.602539 7.124988 4
7.124988 7.635827 9
7.635827 8.088616 -1
8.088616 8.413696 156
8.413696 9.156734 4
9.156734 10.329342 9
10.329342 11.072593 4
11.072593 12.303038 9
12.303038 13.057687 4
13.057687 14.334784 9
14.334784 15.101043 4
15.101043 16.331700 9
16.331700 17.134530 4
17.134530 18.293786 9
18.293786 19.127869 4
19.127869 20.302312 9
20.302312 24.425238 9
24.425238 28.575754 2
28.575754 32.724988 11
32.724988 33.479637 4
33.479637 34.292335 2
34.292335 35.710295 7
35.710295 36.370521 156
36.370521 37.171609 4
37.171609 37.891428 7
37.891428 40.074104 2
40.074104 41.336219 4
41.336219 42.082630 9
42.082630 43.313287 4
43.313287 44.102766 9
44.102766 45.379863 4
45.379863 46.134512 9
46.134512 47.400000 4
47.400000 48.154648 9
48.154648 48.909297 4
48.909297 50.151564 9
50.151564 50.964263 4
50.964263 52.171700 9
52.171700 53.077278 4
53.077278 54.168616 9
54.168616 54.911655 4
54.911655 56.165532 9
56.165532 56.966621 4
56.966621 58.220498 9
58.220498 58.998367 4
58.998367 60.217414 9
60.217414 64.327346 9
64.327346 68.469854 2
68.469854 72.616870 11
72.616870 73.394739 4
73.394739 74.172607 2
74.172607 75.809666 67
75.809666 76.250793 156
76.250793 76.993832 4
76.993832 77.736870 7
77.736870 79.468630 62
79.468630 79.884716 156
79.884716 81.115374 4
81.115374 81.939682 9
81.939682 83.181950 4
83.181950 83.948208 9
83.948208 85.167256 4
85.167256 85.956734 9
85.956734 87.152562 4
87.152562 87.942040 9
87.942040 88.685079 4
88.685079 89.985396 9
89.985396 90.740045 4
90.740045 91.982312 9
91.982312 92.760181 4
92.760181 93.956009 9
93.956009 94.757097 4
94.757097 95.999365 9
95.999365 96.788843 4
96.788843 98.019501 9
98.019501 98.820589 4
98.820589 100.051247 9
100.051247 104.213439 9
104.213439 108.350301 2
108.350301 112.462312 11
112.462312 113.251791 4
113.251791 114.029659 2
114.029659 115.421800 67
115.421800 116.107845 156
116.107845 116.908934 4
116.908934 117.605532 7
117.605532 119.730158 62
119.730158 120.399875 -1
120.399875 123.832817 156
123.832817 125.871836 4
125.871836 131.983665 2
131.983665 132.673787 4
132.673787 133.977004 9
133.977004 134.673308 4
134.673308 136.120527 9
136.120527 136.721260 4
136.721260 137.911383 9
137.911383 138.654421 4
138.654421 139.885079 9
139.885079 140.662947 4
140.662947 141.916825 9
141.916825 142.671473 4
142.671473 143.910083 9
143.910083 144.822857 156
