0.000000 9.286591 156
9.286591 10.569481 16
10.569481 14.264970 23
14.264970 16.141436 16
16.141436 18.361746 23
18.361746 20.556031 1
20.556031 23.589857 1
23.589857 25.140814 23
25.140814 31.765887 156
31.765887 39.999360 13
39.999360 59.127823 10
59.127823 69.639862 156
69.639862 75.173522 13
75.173522 77.796744 23
77.796744 79.022191 156
79.022191 80.515705 76
80.515705 82.449614 23
82.449614 83.847389 156
83.847389 85.991922 3
85.991922 87.600321 156
87.600321 89.208721 20
89.208721 120.285293 156
120.285293 121.338412 14
121.338412 122.334088 0
122.334088 123.559750 7
123.559750 124.631801 0
124.631801 125.761510 7
125.761510 129.093195 156
129.093195 134.014131 4
134.014131 136.752239 156
136.752239 138.801034 23
138.801034 140.773237 16
140.773237 143.970889 0
143.970889 146.048276 16
146.048276 149.740249 0
149.740249 158.830861 -1
158.830861 168.690455 156
168.690455 169.896754 5
169.896754 172.481682 3
172.481682 182.859687 156
182.859687 183.568149 5
183.568149 184.678710 3
184.678710 185.961600 156
185.961600 191.280748 156
191.280748 192.050540 0
192.050540 192.605821 5
192.605821 192.950478 0
192.950478 193.505759 156
193.505759 195.229044 7
195.229044 195.650291 156
195.650291 196.645967 0
196.645967 196.952329 5
196.952329 197.469314 0
197.469314 197.852267 156
197.852267 199.824470 7
199.824470 200.456342 156
200.456342 201.317984 0
201.317984 201.911560 5
201.911560 202.237069 0
202.237069 202.715760 156
202.715760 204.247569 7
204.247569 228.450149 156
228.450149 230.211729 23
230.211729 232.739214 18
232.739214 235.592208 23
235.592208 239.766387 156
239.766387 246.965889 13
246.965889 283.672947 156
283.672947 307.434045 156
307.434045 312.737934 -1
312.737934 338.146814 -1
338.146814 349.941742 156
349.941742 351.473551 24
351.473551 352.698998 0
352.698998 353.503198 156
353.503198 354.977564 0
354.977564 355.820059 156
355.820059 357.485901 24
357.485901 403.191249 156
403.191249 404.971977 23
404.971977 409.107861 18
409.107861 412.535283 23
412.535283 413.358631 11
413.358631 416.230772 156
416.230772 421.936760 9
421.936760 435.072022 156
435.072022 439.073872 11
439.073872 443.573561 35
443.573561 445.488322 16
445.488322 447.862626 35
447.862626 502.204082 156
