0.000000 0.440395 156
0.440395 4.638752 5
4.638752 6.693718 0
6.693718 8.771904 5
8.771904 12.094553 7
12.094553 12.836818 0
12.836818 16.177011 7
16.177011 16.853782 0
16.853782 18.163661 7
18.163661 18.862264 0
18.862264 20.193974 7
20.193974 20.870746 0
20.870746 24.210938 7
24.210938 24.840113 0
24.840113 26.837029 0
26.837029 28.810725 38
28.810725 30.819251 40
30.819251 32.816167 5
32.816167 34.847913 0
34.847913 36.786780 38
36.786780 38.806916 40
38.806916 40.792222 5
40.792222 44.099274 7
44.099274 44.776045 0
44.776045 46.042262 7
46.042262 46.740864 0
46.740864 48.050744 7
48.050744 48.662021 0
48.662021 49.971900 7
49.971900 50.648671 0
50.648671 51.936719 7
51.936719 52.613490 0
52.613490 53.836044 7
53.836044 54.556478 0
54.556478 55.822695 7
55.822695 56.499466 0
56.499466 57.809345 7
57.809345 58.486116 0
58.486116 59.752333 7
59.752333 60.424693 0
60.424693 62.398390 0
62.398390 64.383696 38
64.383696 66.287732 40
66.287732 68.226598 5
68.226598 70.316394 0
70.316394 72.173990 38
72.173990 74.124467 40
74.124467 76.132993 5
76.132993 76.585782 5
76.585782 77.108231 0
77.108231 77.561020 5
77.561020 78.064811 0
78.064811 78.536258 5
78.536258 79.023877 0
79.023877 79.523106 5
79.523106 80.022335 0
80.022335 82.019251 0
82.019251 83.958117 38
83.958117 85.908594 40
85.908594 87.859070 5
87.859070 89.809546 0
89.809546 91.806462 38
91.806462 93.768548 40
93.768548 95.742244 5
95.742244 117.313582 7
117.313582 119.213027 0
119.213027 121.168095 38
121.168095 123.153401 40
123.153401 125.069047 5
125.069047 127.054353 0
127.054353 128.993219 38
128.993219 130.978526 40
130.978526 132.940612 5
132.940612 133.449451 5
133.449451 133.937540 0
133.937540 134.397083 5
134.397083 134.914069 0
134.914069 135.371234 5
135.371234 135.871449 0
135.871449 136.353945 5
136.353945 136.905420 7
136.905420 138.803650 0
138.803650 140.754126 38
140.754126 142.704603 40
142.704603 144.678299 5
144.678299 146.651995 0
146.651995 148.660521 38
148.660521 150.587777 40
150.587777 152.561473 5
152.561473 152.967823 5
152.967823 153.525102 0
153.525102 154.001111 5
154.001111 154.511950 0
154.511950 154.953129 5
154.953129 155.452358 0
155.452358 155.976441 5
155.976441 156.439206 7
156.439206 157.986940 0
157.986940 167.005465 -1
167.005465 167.888980 156
