0.000000 0.382246 156
0.382246 2.154217 13
2.154217 2.804376 18
2.804376 3.826054 8
3.826054 5.660430 13
5.660430 6.298979 18
6.298979 7.367097 8
7.367097 9.189863 13
9.189863 9.886462 18
9.886462 10.977800 8
10.977800 11.669116 9
11.669116 12.730910 11
12.730910 13.462335 64
13.462335 14.588503 11
14.588503 15.273492 4
15.273492 16.376439 20
16.376439 17.061428 18
17.061428 18.175986 11
18.175986 18.860975 4
18.860975 19.963922 20
19.963922 20.614081 18
20.614081 21.763469 11
21.763469 23.574625 9
23.574625 24.271224 4
24.271224 25.385782 13
25.385782 26.082380 9
26.082380 27.196938 107
27.196938 27.898069 4
27.898069 29.031315 11
29.031315 29.704693 4
29.704693 30.807641 20
30.807641 31.504240 18
31.504240 32.642018 11
32.642018 33.338616 4
33.338616 34.418344 20
34.418344 35.114943 18
35.114943 36.310770 11
36.310770 38.098707 9
38.098707 38.795306 4
38.795306 39.909863 13
39.909863 40.652902 9
40.652902 41.744240 107
41.744240 43.590226 4
43.590226 45.412993 13
45.412993 46.109591 18
46.109591 47.212539 8
47.212539 49.012086 13
49.012086 49.685464 18
49.685464 50.823242 8
50.823242 52.634399 13
52.634399 53.319387 18
53.319387 54.433945 8
54.433945 55.327913 9
55.327913 56.245102 11
56.245102 56.918480 64
56.918480 58.067868 11
58.067868 58.718027 4
58.718027 59.867414 20
59.867414 60.529183 18
60.529183 61.678571 11
61.678571 62.351950 4
62.351950 63.478117 20
63.478117 64.174716 18
64.174716 65.289274 11
65.289274 67.100430 9
67.100430 67.773809 4
67.773809 68.946417 13
68.946417 69.851995 9
69.851995 70.769183 107
70.769183 72.522290 4
72.522290 74.345056 13
74.345056 75.006825 18
75.006825 76.202653 8
76.202653 78.002199 13
78.002199 78.698798 18
78.698798 79.848185 8
79.848185 81.647732 13
81.647732 82.309501 18
82.309501 83.470498 8
83.470498 84.410907 9
84.410907 85.328095 11
85.328095 86.222063 64
86.222063 87.150861 11
87.150861 87.777800 4
87.777800 88.962018 20
88.962018 89.623786 18
89.623786 90.773174 11
90.773174 91.446553 4
91.446553 92.607551 20
92.607551 93.246099 18
93.246099 94.418707 11
94.418707 96.241473 9
96.241473 96.914852 4
96.914852 98.075850 13
98.075850 98.760839 9
98.760839 99.887006 107
99.887006 101.732993 13
101.732993 102.441201 18
102.441201 103.555759 8
103.555759 104.310408 9
104.310408 105.401746 11
105.401746 107.270952 13
107.270952 107.944331 18
107.944331 109.082108 8
109.082108 109.767097 9
109.767097 110.939705 11
110.939705 114.779927 64
114.779927 118.700408 156
