0.000000 0.470770 156
0.470770 2.061337 31
2.061337 3.942154 0
3.942154 5.741700 31
5.741700 7.576077 0
7.576077 9.259523 31
9.259523 10.966190 0
10.966190 12.788956 31
12.788956 14.727823 0
14.727823 16.678299 7
16.678299 18.501065 47
18.501065 20.381882 45
20.381882 21.357120 110
21.357120 22.285918 2
22.285918 24.259614 7
24.259614 26.221700 47
26.221700 27.974807 45
27.974807 29.716303 0
29.716303 31.573900 23
31.573900 33.466326 21
33.466326 35.172993 0
35.172993 37.065419 2
37.065419 38.923015 7
38.923015 40.815442 47
40.815442 44.542244 45
44.542244 46.515941 23
46.515941 48.454807 21
48.454807 50.358843 0
50.358843 52.042290 2
52.042290 53.818616 31
53.818616 55.652993 0
55.652993 57.406099 31
57.406099 59.182426 0
59.182426 60.981972 7
60.981972 62.804739 0
62.804739 64.464965 7
64.464965 66.310952 0
66.310952 68.064058 7
68.064058 69.968095 47
69.968095 71.639931 45
71.639931 73.485918 0
73.485918 75.331904 23
75.331904 76.992131 21
76.992131 78.838117 0
78.838117 80.684104 2
80.684104 82.576530 7
82.576530 84.422517 47
84.422517 88.010000 45
88.010000 89.832766 23
89.832766 91.725192 21
91.725192 93.524739 0
93.524739 95.405555 2
95.405555 97.158662 31
97.158662 99.085918 0
99.085918 100.804195 31
100.804195 102.592131 0
102.592131 104.449727 7
104.449727 106.237664 0
106.237664 107.979160 7
107.979160 109.848367 0
109.848367 111.601473 7
111.601473 113.342970 21
113.342970 115.049637 9
115.049637 116.791133 14
116.791133 118.567460 7
118.567460 120.297346 0
120.297346 122.108503 2
122.108503 123.072131 0
123.072131 124.000929 2
124.000929 125.951405 7
125.951405 127.797392 47
127.797392 129.504058 45
129.504058 131.338435 0
131.338435 132.929002 23
132.929002 134.751768 21
134.751768 136.528095 0
136.528095 138.281201 2
138.281201 140.162018 7
140.162018 141.973174 47
141.973174 145.537437 45
145.537437 147.302154 23
147.302154 149.113310 21
149.113310 150.936077 0
150.936077 152.805283 2
152.805283 154.639659 31
154.639659 156.474036 0
156.474036 158.203922 31
158.203922 160.177619 0
160.177619 161.953945 31
161.953945 163.788321 0
163.788321 165.553038 31
165.553038 167.503514 0
167.503514 169.337891 7
169.337891 171.241927 47
171.241927 173.250453 45
173.250453 175.154489 0
175.154489 176.988866 7
176.988866 179.055442 47
179.055442 181.133628 45
181.133628 182.329455 110
182.329455 184.163832 2
184.163832 189.427318 7
189.427318 191.686531 156
