0.000000 0.446041 156
0.446041 1.323560 0
1.323560 2.252358 7
2.252358 3.146326 5
3.146326 4.075124 0
4.075124 5.805011 7
5.805011 7.534897 53
7.534897 9.334444 0
9.334444 11.064331 2
11.064331 11.946689 0
11.946689 12.852267 16
12.852267 13.723015 2
13.723015 14.593764 7
14.593764 15.522562 0
15.522562 16.393310 7
16.393310 17.298888 5
17.298888 18.204467 0
18.204467 20.027233 7
20.027233 21.780340 53
21.780340 23.591496 0
23.591496 25.356213 2
25.356213 26.203741 0
26.203741 27.144149 16
27.144149 28.049727 2
28.049727 28.908866 7
28.908866 30.731632 0
30.731632 32.566009 48
32.566009 34.365555 14
34.365555 36.199931 17
36.199931 37.987868 0
37.987868 39.740975 48
39.740975 41.552131 14
41.552131 43.351678 17
43.351678 45.139614 0
45.139614 46.962380 14
46.962380 48.773537 7
48.773537 50.538253 53
50.538253 52.361020 0
52.361020 54.102517 2
54.102517 55.019705 0
55.019705 55.913673 16
55.913673 56.830861 2
56.830861 57.748049 7
57.748049 58.676848 0
58.676848 59.570816 7
59.570816 60.464784 5
60.464784 61.381972 0
61.381972 63.181519 7
63.181519 64.957845 53
64.957845 66.745782 0
66.745782 68.498888 2
68.498888 69.427687 0
69.427687 70.321655 16
70.321655 71.215623 2
71.215623 72.097981 7
72.097981 73.932358 0
73.932358 75.743514 48
75.743514 77.566281 14
77.566281 79.389047 17
79.389047 81.188594 0
81.188594 82.953310 48
82.953310 84.776077 14
84.776077 86.598843 17
86.598843 88.410000 0
88.410000 90.244376 14
90.244376 92.032312 7
92.032312 93.843469 53
93.843469 95.666235 0
95.666235 97.419342 2
97.419342 98.301700 0
98.301700 99.218888 16
99.218888 100.089637 2
100.089637 100.995215 7
100.995215 101.924013 0
101.924013 102.829591 7
102.829591 103.723560 5
103.723560 106.537309 0
106.537309 111.046531 156
