0.000000 0.478690 156
0.478690 3.025323 4
3.025323 3.513909 28
3.513909 3.966698 42
3.966698 5.708194 44
5.708194 7.020122 42
7.020122 7.484521 59
7.484521 10.061936 4
10.061936 10.148439 28
10.503115 11.002344 42
11.002344 12.743841 44
12.743841 14.032548 42
14.032548 14.508557 59
14.508557 16.215224 4
16.215224 17.979940 8
17.979940 21.462934 13
21.462934 23.239260 9
23.239260 25.050417 54
25.050417 25.979215 11
25.979215 26.443614 28
26.443614 26.931233 42
26.931233 28.707559 44
28.707559 29.999371 42
29.999371 30.483886 59
30.483886 33.101875 4
33.101875 33.560530 28
33.560530 34.024929 42
34.024929 35.789646 44
35.789646 37.531142 42
37.531142 39.307469 4
39.307469 41.083795 8
41.083795 44.636448 13
44.636448 46.416525 9
46.416525 48.200711 4
48.200711 50.046698 100
50.046698 51.776584 9
51.776584 53.564521 11
53.564521 55.352457 4
55.352457 57.152004 100
57.152004 58.916720 9
58.916720 60.693047 11
60.693047 62.859161 4
62.859161 63.328512 11
63.328512 63.769691 28
63.769691 64.222480 42
64.222480 65.917537 44
65.917537 67.705473 9
67.705473 69.481800 44
69.481800 71.304566 33
71.304566 74.020532 4
74.020532 74.462480 28
74.462480 74.973319 42
74.973319 76.749646 44
76.749646 78.096403 42
78.096403 78.572412 59
78.572412 81.265927 4
81.265927 81.718716 28
81.718716 82.217945 42
82.217945 83.971051 44
83.971051 85.341029 42
85.341029 85.782208 59
85.782208 87.581754 4
87.581754 89.334861 8
89.334861 91.157627 13
91.157627 92.910734 13
92.910734 94.721890 21
94.721890 96.498217 54
96.498217 97.445396 11
97.445396 97.949464 28
97.949464 98.425473 42
98.425473 100.201800 44
100.201800 101.966516 9
101.966516 103.800893 44
103.800893 105.565609 9
105.565609 107.353546 4
107.353546 109.141482 100
109.141482 110.917809 9
110.917809 112.694135 11
112.694135 114.482072 4
114.482072 116.246788 100
116.246788 118.023115 9
118.023115 119.768308 11
119.768308 121.940529 4
121.940529 122.423296 11
122.423296 122.864476 28
122.864476 123.294045 42
123.294045 125.047151 44
125.047151 126.823478 9
126.823478 128.611414 44
128.611414 130.394376 33
130.394376 132.210507 4
132.210507 133.998444 33
133.998444 135.774770 4
135.774770 137.585927 33
137.585927 139.243203 71
139.243203 143.982963 20
143.982963 147.774694 156
