0.000000 0.382952 156
0.382952 6.531179 13
6.531179 9.619433 135
9.619433 12.684467 8
12.684467 15.714671 9
15.714671 18.744875 13
18.744875 22.889637 57
22.889637 24.851723 -1
24.851723 27.821479 2
27.821479 30.877301 86
30.877301 36.926099 13
36.926099 39.909863 135
39.909863 42.940068 8
42.940068 45.958662 9
45.958662 48.965646 13
48.965646 51.984240 57
51.984240 54.875124 57
54.875124 57.905328 2
57.905328 60.877482 86
60.877482 66.926281 13
66.926281 69.910045 135
69.910045 72.812539 8
72.812539 75.807913 9
75.807913 78.791678 13
78.791678 81.787052 57
81.787052 84.770816 57
84.770816 87.812630 2
87.812630 90.726734 86
90.726734 96.763922 6
96.763922 102.766281 56
102.766281 108.652539 13
108.652539 111.624693 135
111.624693 114.620068 8
114.620068 117.534172 9
117.534172 120.494716 13
120.494716 123.432040 57
123.432040 126.299705 57
126.299705 129.318299 2
129.318299 132.278843 146
132.278843 138.118662 13
138.118662 140.986326 135
140.986326 143.912040 8
143.912040 146.814535 9
146.814535 149.705419 13
149.705419 152.689183 57
152.689183 155.591678 57
155.591678 158.494172 2
158.494172 164.439685 146
164.439685 165.537959 156
