0.000000 3.599751 156
3.599751 4.615532 9
4.615532 5.660430 2
5.660430 6.705328 9
6.705328 7.761836 2
7.761836 8.760294 9
8.760294 9.770362 2
9.770362 10.052496 9
10.052496 11.732448 9
11.732448 12.463877 21
12.463877 13.206916 16
13.206916 15.645011 7
15.645011 16.179731 9
16.179731 16.655079 -1
16.655079 17.421337 9
17.421337 18.141156 16
18.141156 20.567641 7
20.567641 22.518117 9
22.518117 25.014263 2
25.014263 26.976349 4
26.976349 27.754217 9
27.754217 28.485646 16
28.485646 29.983333 7
29.983333 30.970181 9
30.970181 31.922199 2
31.922199 33.872675 9
33.872675 34.604104 9
34.604104 35.300702 16
35.300702 37.785238 7
37.785238 38.330907 9
38.330907 38.841746 -1
38.841746 39.573174 9
39.573174 40.281383 16
40.281383 42.765918 7
42.765918 43.752292 9
43.752292 44.728004 2
44.728004 45.714852 9
45.714852 46.724920 2
46.724920 47.711768 9
47.711768 48.698616 2
48.698616 49.731904 9
49.731904 50.730362 2
50.730362 51.717210 9
51.717210 52.680839 2
52.680839 53.702517 9
53.702517 54.666145 4
54.666145 55.420793 9
55.420793 56.129002 16
56.129002 58.590317 7
58.590317 59.112766 9
59.112766 59.646825 -1
59.646825 60.413083 9
60.413083 61.063242 16
61.063242 63.570997 7
63.570997 65.498253 9
65.498253 68.040839 2
68.040839 69.956485 4
69.956485 70.711133 9
70.711133 71.500612 16
71.500612 72.940249 7
72.940249 73.950317 9
73.950317 74.890725 2
74.890725 76.876031 9
76.876031 77.619070 9
77.619070 78.350498 16
78.350498 80.835034 7
80.835034 81.339052 9
81.339052 81.817743 9
81.817743 82.611360 9
82.611360 83.307959 16
83.307959 85.734444 7
85.734444 86.744512 9
86.744512 87.708140 2
87.708140 88.683378 9
88.683378 89.693446 2
89.693446 90.622244 9
90.622244 91.609092 2
91.609092 92.595941 9
92.595941 93.571179 2
93.571179 94.569637 9
94.569637 95.521655 2
95.521655 96.624603 9
96.624603 97.518571 4
97.518571 98.296439 9
98.296439 99.016258 16
99.016258 101.442743 7
101.442743 101.884439 9
101.884439 102.487641 -1
102.487641 103.230680 9
103.230680 103.950498 16
103.950498 106.376984 7
106.376984 108.304240 9
108.304240 110.777165 2
110.777165 112.716031 4
112.716031 113.482290 9
113.482290 114.225328 16
114.225328 115.723015 7
115.723015 116.675034 9
116.675034 117.627052 2
117.627052 119.623968 9
119.623968 120.541156 9
120.541156 121.539614 2
121.539614 122.549682 9
122.549682 123.443650 2
123.443650 124.418888 9
124.418888 125.440566 2
125.440566 126.450634 9
126.450634 127.367823 2
127.367823 128.296621 9
128.296621 129.295079 2
129.295079 130.014897 9
130.014897 131.187505 2
131.187505 132.209183 9
132.209183 133.196031 2
133.196031 133.857800 9
133.857800 135.076848 2
135.076848 135.808276 9
135.808276 136.853174 2
136.853174 137.747142 9
137.747142 139.024240 2
139.024240 140.022698 9
140.022698 141.032766 2
141.032766 141.752585 9
141.752585 143.041292 2
143.041292 143.795941 9
143.795941 144.759569 2
144.759569 145.699977 9
145.699977 146.907414 2
146.907414 147.720113 9
147.720113 148.672131 2
148.672131 149.658979 9
149.658979 150.785147 2
150.785147 151.644285 9
151.644285 152.625609 2
152.625609 153.621285 9
153.621285 154.559518 2
154.559518 161.332245 156
