0.000000 0.497838 156
0.497838 3.657165 100
3.657165 7.755487 13
7.755487 11.923469 4
11.923469 15.952131 13
15.952131 19.945963 18
19.945963 21.966099 21
21.966099 25.971541 4
25.971541 30.046643 13
30.046643 34.133356 4
34.133356 38.150408 13
38.150408 42.132630 18
42.132630 44.141156 21
44.141156 48.088548 4
48.088548 52.001111 9
52.001111 55.925283 13
55.925283 57.898979 9
57.898979 58.591690 4
58.591690 59.907505 13
59.907505 61.881201 9
61.881201 62.670131 4
62.670131 63.843287 4
63.843287 65.886643 4
65.886643 70.008185 13
70.008185 74.118117 4
74.118117 78.146780 13
78.146780 82.175442 18
82.175442 84.149138 21
84.149138 88.154580 4
88.154580 92.078752 9
92.078752 96.026145 13
96.026145 97.999841 9
97.999841 98.725083 4
98.725083 99.961927 13
99.961927 101.912403 9
101.912403 102.701882 4
102.701882 103.897709 4
103.897709 105.848185 9
105.848185 106.626054 4
106.626054 107.845102 4
107.845102 109.876848 4
109.876848 113.940340 13
113.940340 118.108321 4
118.108321 120.304441 13
120.304441 124.551837 156
