0.000000 0.440395 156
0.440395 1.302038 156
1.302038 2.734716 9
2.734716 4.116303 2
4.116303 5.439841 9
5.439841 6.740158 2
6.740158 8.110136 9
8.110136 9.410453 7
9.410453 10.780430 9
10.780430 12.092358 2
12.092358 13.427505 9
13.427505 14.751043 7
14.751043 16.039750 9
16.039750 17.374897 2
17.374897 21.368730 2
21.368730 22.738707 4
22.738707 24.108684 9
24.108684 25.443832 2
25.443832 26.802199 9
26.802199 28.102517 2
28.102517 29.507324 9
29.507324 30.819251 7
30.819251 32.131179 9
32.131179 33.466326 2
33.466326 34.813083 9
34.813083 36.148231 7
36.148231 37.529818 9
37.529818 38.899795 2
38.899795 42.905238 2
42.905238 44.228775 4
44.228775 45.610362 9
45.610362 46.957120 2
46.957120 48.280657 9
48.280657 49.604195 2
49.604195 51.020612 0
51.020612 52.390589 7
52.390589 53.702517 0
53.702517 55.107324 7
55.107324 56.454081 0
56.454081 57.777619 4
57.777619 59.159206 9
59.159206 60.482743 4
60.482743 61.864331 9
61.864331 63.211088 7
63.211088 64.592675 9
64.592675 65.951043 2
65.951043 67.309410 9
67.309410 68.656167 7
68.656167 70.049365 9
70.049365 71.384512 2
71.384512 75.436394 2
75.436394 76.841201 4
76.841201 78.246009 9
78.246009 79.546326 2
79.546326 80.916303 9
80.916303 82.251451 2
82.251451 83.679478 0
83.679478 85.014625 7
85.014625 86.407823 0
86.407823 87.777800 7
87.777800 89.136167 0
89.136167 90.482925 4
90.482925 91.852902 9
91.852902 93.222879 4
93.222879 94.581247 9
94.581247 95.962834 7
95.962834 97.344421 9
97.344421 98.714399 2
98.714399 100.084376 9
100.084376 101.454353 7
101.454353 102.835941 9
102.835941 104.217528 2
104.217528 108.327460 2
108.327460 109.767097 4
109.767097 111.148684 9
111.148684 112.518662 2
112.518662 113.865419 9
113.865419 115.223786 2
115.223786 116.616984 9
116.616984 117.986961 2
117.986961 123.540387 9
123.540387 128.026122 156
