0.000000 0.440395 156
0.440395 2.548956 10
2.548956 4.789682 10
4.789682 6.879478 10
6.879478 8.005646 10
8.005646 9.096984 8
9.096984 11.337709 3
11.337709 12.382607 10
12.382607 13.520385 8
13.520385 15.668231 3
15.668231 16.782789 10
16.782789 17.908956 8
17.908956 20.126462 3
20.126462 20.962380 10
20.962380 22.297528 8
22.297528 23.145056 3
23.145056 24.515034 10
24.515034 25.374172 10
25.374172 26.732539 8
26.732539 27.591678 3
27.591678 28.984875 10
28.984875 30.145873 10
30.145873 31.202380 8
31.202380 33.396666 3
33.396666 34.488004 10
34.488004 35.602562 8
35.602562 37.796848 3
37.796848 38.888185 10
38.888185 40.002743 8
40.002743 42.208639 3
42.208639 43.044557 10
43.044557 44.356485 8
44.356485 45.204013 3
45.204013 46.585600 10
46.585600 47.444739 10
47.444739 48.791496 8
48.791496 49.731904 3
49.731904 51.101882 10
51.101882 52.204829 10
52.204829 53.319387 8
53.319387 55.594943 10
55.594943 57.324829 8
57.324829 59.043106 10
59.043106 60.761383 17
60.761383 64.139886 10
64.139886 65.881383 3
65.881383 69.294716 10
69.294716 71.001383 3
71.001383 72.162380 10
72.162380 73.288548 8
73.288548 75.552494 3
75.552494 76.701882 10
76.701882 77.862879 8
77.862879 80.103605 3
80.103605 81.252993 10
81.252993 82.413990 8
82.413990 84.619886 3
84.619886 85.479024 10
85.479024 86.860612 8
86.860612 87.708140 3
87.708140 89.089727 10
89.089727 89.890816 10
89.890816 91.307233 8
91.307233 92.189591 3
92.189591 93.617619 10
93.617619 94.767006 10
94.767006 95.893174 8
95.893174 98.145510 10
98.145510 99.910226 8
99.910226 101.674943 10
101.674943 103.381609 17
103.381609 106.806553 10
106.806553 108.501609 3
108.501609 111.926553 10
111.926553 113.598390 3
113.598390 114.732486 10
114.732486 115.978435 8
115.978435 118.230770 3
118.230770 119.368548 10
119.368548 120.494716 8
120.494716 122.781882 3
122.781882 123.919659 10
123.919659 125.103877 8
125.103877 127.379433 3
127.379433 128.215351 10
128.215351 129.620158 8
129.620158 130.444467 3
130.444467 131.907324 10
131.907324 132.766462 10
132.766462 134.182879 8
134.182879 135.076848 3
135.076848 136.493265 10
136.493265 152.108623 10
152.108623 157.152653 156
