0.000000 0.459543 156
0.459543 1.225419 2
1.225419 4.441383 9
4.441383 6.438299 9
6.438299 8.458435 11
8.458435 10.548231 2
10.548231 12.522538 9
12.522538 14.565283 9
14.565283 16.562199 11
16.562199 18.651995 2
18.651995 20.648911 9
20.648911 22.703877 57
22.703877 24.735623 2
24.735623 26.790589 14
26.790589 28.810725 9
28.810725 30.830861 9
30.830861 32.874217 11
32.874217 33.698526 2
33.698526 36.821609 9
36.821609 37.657528 2
37.657528 40.885102 9
40.885102 42.916848 9
42.916848 45.006643 11
45.006643 47.073219 2
47.073219 49.128185 9
49.128185 51.171541 9
51.171541 53.226507 11
53.226507 55.316303 2
55.316303 57.348049 9
57.348049 59.437845 57
59.437845 61.492811 2
61.492811 63.559387 14
63.559387 65.649183 9
65.649183 67.669319 9
67.669319 69.770725 11
69.770725 70.583424 2
70.583424 73.834217 9
73.834217 74.635306 2
74.635306 77.920929 9
77.920929 80.010725 23
80.010725 82.065691 143
82.065691 84.132267 146
84.132267 86.268503 9
86.268503 90.308775 11
90.308775 92.410181 112
92.410181 94.511587 4
94.511587 96.624603 9
96.624603 98.714399 11
98.714399 100.839024 2
100.839024 102.847551 9
102.847551 104.948956 9
104.948956 107.015532 11
107.015532 109.151768 2
109.151768 111.218344 9
111.218344 113.331360 57
113.331360 115.444376 2
115.444376 117.545782 14
117.545782 119.658798 9
119.658798 121.818253 9
121.818253 123.884829 11
123.884829 124.674308 2
124.674308 128.029591 9
128.029591 128.795850 2
128.795850 132.116303 9
132.116303 134.217709 23
134.217709 136.261065 143
136.261065 138.362471 146
138.362471 140.475487 9
140.475487 144.689909 11
144.689909 146.826145 112
146.826145 148.857891 4
148.857891 150.970907 9
150.970907 153.095532 59
153.095532 155.208548 2
155.208548 157.309954 9
157.309954 159.411360 9
159.411360 161.535986 59
161.535986 163.660612 2
163.660612 165.715578 9
165.715578 167.782154 57
167.782154 169.953219 2
169.953219 172.043015 14
172.043015 174.225691 9
174.225691 176.373537 9
176.373537 178.474943 59
178.474943 179.287641 2
179.287641 182.666145 9
182.666145 183.385963 2
183.385963 186.822517 9
186.822517 188.900702 9
188.900702 190.990498 59
190.990498 193.091904 2
193.091904 197.248276 9
197.248276 202.605714 156
