0.000000 0.331451 156
0.331451 1.759478 5
1.759478 2.978526 96
2.978526 4.327360 41
4.327360 6.705328 58
6.705328 7.854716 5
7.854716 9.004104 96
9.004104 10.153492 41
10.153492 11.279659 77
11.279659 13.555215 41
13.555215 15.777632 77
15.777632 18.071496 41
18.071496 20.323832 77
20.323832 22.576167 41
22.576167 24.840113 77
24.840113 25.943061 5
25.943061 27.034399 96
27.034399 28.102517 41
28.102517 29.240294 77
29.240294 31.469410 41
31.469410 33.617256 77
33.617256 35.811541 41
35.811541 37.947777 77
37.947777 40.095623 41
40.095623 42.324739 77
42.324739 43.439297 5
43.439297 44.530634 -1
44.530634 45.587142 5
45.587142 46.643650 -1
46.643650 47.723378 5
47.723378 48.756666 -1
48.756666 50.927732 5
50.927732 52.019070 0
52.019070 53.087188 7
53.087188 54.155306 0
54.155306 55.176984 7
55.176984 56.279931 0
56.279931 57.359659 7
57.359659 59.495895 0
59.495895 60.633673 5
60.633673 61.690181 96
61.690181 62.793129 41
62.793129 63.861247 77
63.861247 66.009092 41
66.009092 68.098888 77
68.098888 70.293174 41
70.293174 72.371360 77
72.371360 74.530816 41
74.530816 76.609002 77
76.609002 77.700340 5
77.700340 78.780068 96
78.780068 79.836575 41
79.836575 80.869863 77
80.869863 82.959659 41
82.959659 85.037845 77
85.037845 87.092811 41
87.092811 89.147777 77
89.147777 91.167913 41
91.167913 93.257709 77
93.257709 94.302607 5
94.302607 95.370725 -1
95.370725 96.415623 5
96.415623 97.448911 -1
97.448911 98.482199 5
98.482199 99.503877 -1
99.503877 101.593673 5
101.593673 102.626961 0
102.626961 103.671859 7
103.671859 104.705147 0
104.705147 105.691995 7
105.691995 106.736893 0
106.736893 107.746961 7
107.746961 109.801927 0
109.801927 110.881655 5
110.881655 111.949773 96
111.949773 112.994671 41
112.994671 114.062789 77
114.062789 116.140975 41
116.140975 118.219160 77
118.219160 120.355396 41
120.355396 122.468412 77
122.468412 124.558208 41
124.558208 126.578344 77
126.578344 127.681292 5
127.681292 128.737800 96
128.737800 129.771088 41
129.771088 130.862426 77
130.862426 132.963832 41
132.963832 135.030408 77
135.030408 137.096984 41
137.096984 139.186780 77
139.186780 141.183696 41
141.183696 143.250272 77
143.250272 145.374897 41
145.374897 147.395034 77
147.395034 149.438390 41
149.438390 151.504965 77
151.504965 153.525102 41
153.525102 156.630204 156
