0.000000 0.727609 156
0.727609 19.093174 0
19.093174 22.889637 10
22.889637 26.662879 0
26.662879 34.186145 0
34.186145 37.959387 10
37.959387 41.709410 0
41.709410 49.279115 0
49.279115 53.029138 10
53.029138 56.790770 0
56.790770 63.742398 0
63.742398 64.412564 71
64.412564 65.235911 0
65.235911 66.001816 10
66.001816 66.748573 0
66.748573 67.629363 10
67.629363 80.994395 0
80.994395 83.119780 10
83.119780 87.650090 0
87.650090 94.685736 0
94.685736 98.493809 10
98.493809 108.222298 0
108.222298 109.122236 10
109.122236 109.987687 0
109.987687 113.842199 10
113.842199 117.661882 0
117.661882 125.312857 0
125.312857 129.097709 10
129.097709 132.998662 0
132.998662 140.672857 0
140.672857 144.538979 10
144.538979 148.323832 0
148.323832 152.166734 10
152.166734 155.974807 0
155.974807 159.771269 10
159.771269 163.614172 0
163.614172 167.433854 10
167.433854 171.381247 0
171.381247 175.066609 10
175.066609 176.292056 0
176.292056 177.266939 156
