0.000000 0.446618 156
0.446618 2.408196 52
2.408196 8.085475 9
8.085475 10.953139 2
10.953139 13.878853 9
13.878853 18.139715 4
18.139715 19.672232 9
19.672232 21.111869 4
21.111869 22.597946 9
22.597946 25.477221 4
25.477221 28.356495 9
28.356495 31.200939 2
31.200939 32.640577 4
32.640577 34.103434 4
34.103434 39.861982 9
39.861982 42.776087 2
42.776087 45.655361 9
45.655361 49.974273 4
49.974273 51.448740 9
51.448740 52.911597 4
52.911597 54.386064 9
54.386064 57.230509 4
57.230509 60.040123 9
60.040123 62.884568 2
62.884568 65.729012 4
65.729012 71.429511 9
71.429511 74.308785 2
74.308785 77.141620 9
77.141620 81.344431 4
81.344431 82.784069 9
82.784069 84.200486 4
84.200486 85.767833 9
85.767833 88.612277 4
88.612277 91.433502 9
91.433502 94.196676 2
94.196676 97.017901 4
97.017901 102.764840 9
102.764840 105.632504 2
105.632504 108.511778 9
108.511778 112.726200 4
112.726200 114.258717 9
114.258717 115.605475 4
115.605475 117.114772 9
117.114772 119.994046 4
119.994046 122.815270 9
122.815270 125.601665 2
125.601665 127.064522 4
127.064522 128.446109 52
128.446109 134.158218 9
134.158218 137.037493 2
137.037493 139.916767 9
139.916767 144.200849 4
144.200849 145.640486 9
145.640486 147.080123 4
147.080123 149.136676 9
149.136676 153.756735 156
