0.000000 0.459543 156
0.459543 2.490907 0
2.490907 4.534263 21
4.534263 6.612448 0
6.612448 8.725464 21
8.725464 9.770362 0
9.770362 10.884920 16
10.884920 11.918208 10
11.918208 12.963106 5
12.963106 15.064512 7
15.064512 17.165918 103
17.165918 18.280476 0
18.280476 19.325374 16
19.325374 20.416712 10
20.416712 21.496439 5
21.496439 23.563015 7
23.563015 25.687641 103
25.687641 27.800657 5
27.800657 29.948503 7
29.948503 32.084739 0
32.084739 34.197755 21
34.197755 36.322380 10
36.322380 38.481836 7
38.481836 40.606462 0
40.606462 42.754308 21
42.754308 44.820884 10
44.820884 46.957120 7
46.957120 49.081746 5
49.081746 51.241201 7
51.241201 52.320929 0
52.320929 53.400657 16
53.400657 54.433945 10
54.433945 55.478843 5
55.478843 57.557029 7
57.557029 59.658435 103
59.658435 60.738163 0
60.738163 61.806281 16
61.806281 62.874399 10
62.874399 63.919297 5
63.919297 66.032312 7
66.032312 68.156938 103
68.156938 70.246734 5
70.246734 72.417800 7
72.417800 74.542426 0
74.542426 76.678662 21
76.678662 78.780068 10
78.780068 80.916303 7
80.916303 82.971269 0
82.971269 85.142335 21
85.142335 87.243741 10
87.243741 89.379977 7
89.379977 91.539433 5
91.539433 93.617619 7
93.617619 95.788684 5
95.788684 97.878480 7
97.878480 100.037936 0
100.037936 102.092902 21
102.092902 104.229138 0
104.229138 106.330544 21
106.330544 108.431950 0
108.431950 110.544965 21
110.544965 115.019700 0
115.019700 118.804898 156
