0.000000 1.172266 156
1.172266 12.585238 14
12.585238 24.369365 14
24.369365 30.209183 9
30.209183 34.603995 55
34.603995 36.037392 156
36.037392 47.415170 14
47.415170 59.141247 14
59.141247 64.969455 9
64.969455 70.712128 55
70.712128 72.933900 23
72.933900 73.618888 9
73.618888 75.058526 7
75.058526 76.521383 9
76.521383 87.922380 14
87.922380 99.567188 14
99.567188 105.418616 9
105.418616 111.258435 55
111.258435 113.406281 23
113.406281 114.114489 9
114.114489 115.577346 7
115.577346 117.075034 9
117.075034 122.636213 14
122.636213 134.222970 14
134.222970 145.751678 9
145.751678 151.521836 14
151.521836 163.317573 14
163.317573 169.180612 9
169.180612 175.020430 55
175.020430 177.179886 23
177.179886 177.922925 9
177.922925 179.362562 7
179.362562 180.860249 9
180.860249 192.272857 14
192.272857 256.275890 14
256.275890 260.649796 156
