0.000000 0.440395 156
0.440395 1.021603 156
1.021603 3.204279 15
3.204279 5.456615 2
5.456615 7.697340 1
7.697340 9.914846 22
9.914846 12.178792 15
12.178792 14.477567 2
14.477567 16.671853 40
16.671853 18.959018 9
18.959018 20.073576 2
20.073576 21.106864 16
21.106864 22.848361 18
22.848361 23.359200 89
23.359200 25.541875 40
25.541875 27.724551 9
27.724551 28.873939 2
28.873939 29.907227 16
29.907227 31.567454 18
31.567454 32.124733 89
32.124733 34.307408 40
34.307408 36.466864 9
36.466864 38.719200 2
38.719200 39.810538 19
39.810538 40.890265 9
40.890265 41.958383 2
41.958383 43.072941 16
43.072941 44.721558 18
44.721558 45.290447 89
45.290447 47.449903 40
47.449903 49.609358 9
49.609358 50.770356 2
50.770356 51.826864 16
51.826864 53.440651 18
53.440651 53.974710 89
53.974710 56.215436 40
56.215436 58.409721 9
58.409721 60.638837 50
60.638837 62.879563 50
62.879563 65.097068 7
65.097068 67.256524 19
67.256524 69.520470 19
69.520470 71.679925 2
71.679925 73.909041 57
73.909041 74.942329 2
74.942329 76.022057 16
76.022057 77.647454 18
77.647454 78.216343 89
78.216343 80.457068 40
80.457068 82.651354 9
82.651354 83.765912 2
83.765912 84.892080 16
84.892080 86.529086 18
86.529086 87.109585 89
87.109585 89.269041 40
89.269041 91.486547 9
91.486547 93.704052 50
93.704052 95.898338 50
95.898338 98.092624 7
98.092624 100.344959 19
100.344959 102.574075 19
102.574075 104.779971 2
104.779971 107.009086 57
107.009086 108.123644 2
108.123644 109.180152 16
109.180152 110.817159 18
110.817159 111.397658 89
111.397658 113.591943 40
113.591943 115.844279 9
115.844279 116.993667 2
116.993667 118.061785 16
118.061785 119.768451 18
119.768451 120.314120 89
120.314120 122.554846 40
122.554846 124.737522 9
124.737522 127.001467 2
127.001467 129.195753 19
129.195753 131.471309 2
131.471309 133.770084 19
133.770084 137.345815 2
137.345815 142.053878 156
