0.000000 2.240270 0
2.240270 4.383333 2
4.383333 8.818344 4
8.818344 9.967732 4
9.967732 11.070680 11
11.070680 12.196848 18
12.196848 13.334625 18
13.334625 14.402743 18
14.402743 15.494081 11
15.494081 17.711587 4
17.711587 18.779705 4
18.779705 19.871043 11
19.871043 22.065328 18
22.065328 23.145056 18
23.145056 24.224784 11
24.224784 26.430680 4
26.430680 27.452358 2
27.452358 28.578526 9
28.578526 30.749591 4
30.749591 31.840929 2
31.840929 32.920657 9
32.920657 35.080113 4
35.080113 37.216349 9
37.216349 39.410634 4
39.410634 43.578616 11
43.578616 44.646734 4
44.646734 45.703242 11
45.703242 47.885918 18
47.885918 48.942426 18
48.942426 50.033764 11
50.033764 52.204829 4
52.204829 53.284557 4
53.284557 54.329455 11
54.329455 56.488911 18
56.488911 57.545419 18
57.545419 58.578707 11
58.578707 60.738163 4
60.738163 61.817891 2
61.817891 62.851179 9
62.851179 65.010634 4
65.010634 66.078752 2
66.078752 67.170090 9
67.170090 69.248276 4
69.248276 71.384512 9
71.384512 73.567188 4
73.567188 75.671359 13
75.671359 77.839659 6
77.839659 78.919387 4
78.919387 79.964285 2
79.964285 82.123741 9
82.123741 84.248367 13
84.248367 86.361383 6
86.361383 87.383061 4
87.383061 88.462789 2
88.462789 90.645464 9
90.645464 91.713582 4
91.713582 92.793310 11
92.793310 94.941156 18
94.941156 95.997664 18
95.997664 97.054172 11
97.054172 99.213628 4
99.213628 100.293356 4
100.293356 101.373083 11
101.373083 103.486099 18
103.486099 104.530997 18
104.530997 105.610725 11
105.610725 107.735351 4
107.735351 108.791859 2
108.791859 109.836757 9
109.836757 111.996213 4
111.996213 113.052721 2
113.052721 114.132448 9
114.132448 116.268684 4
116.268684 118.439750 9
118.439750 120.599206 4
120.599206 122.717040 13
122.717040 124.871678 6
124.871678 125.916575 4
125.916575 126.973083 2
126.973083 129.144149 9
129.144149 131.268775 13
131.268775 133.381791 6
133.381791 134.438299 4
134.438299 135.494807 2
135.494807 137.654263 9
137.654263 138.687551 2
138.687551 139.767278 9
139.767278 141.880294 4
141.880294 142.971632 2
142.971632 144.004920 9
144.004920 146.210816 4
146.210816 148.300612 9
148.300612 150.448458 4
150.448458 152.526643 2
152.526643 154.639659 9
154.639659 156.764285 0
156.764285 158.888911 50
158.888911 162.946171 4
162.946171 164.022857 156
