0.000000 0.421247 156
0.421247 6.148049 9
6.148049 17.699977 9
17.699977 26.488730 6
26.488730 27.986417 4
27.986417 29.426054 6
29.426054 32.328548 11
32.328548 43.984965 9
43.984965 52.727278 6
52.727278 54.178526 4
54.178526 55.629773 6
55.629773 58.625147 11
58.625147 61.620521 11
61.620521 63.091379 4
63.091379 64.604285 11
64.604285 67.541609 11
67.541609 70.444104 4
70.444104 85.165555 9
85.165555 93.965918 6
93.965918 95.347505 4
95.347505 96.821972 6
96.821972 99.794126 11
99.794126 102.784377 11
102.784377 104.298798 4
104.298798 105.819705 11
105.819705 108.757029 11
108.757029 111.764013 4
111.764013 126.469972 9
126.469972 129.380409 6
129.380409 130.108018 11
130.108018 130.586708 4
130.586708 131.812155 11
131.812155 135.209796 156
