0.000000 0.165431 156
0.165431 0.588571 -1
0.588571 6.521269 -1
6.521269 9.435374 -1
9.435374 12.244988 0
12.244988 15.089433 7
15.089433 18.003537 4
18.003537 32.295419 4
32.295419 35.197913 7
35.197913 37.995918 9
37.995918 40.910022 4
40.910022 43.754467 9
43.754467 46.610521 4
46.610521 49.466575 9
49.466575 52.299410 4
52.299410 69.517006 4
69.517006 72.361451 7
72.361451 75.217505 9
75.217505 78.050340 4
78.050340 80.906394 9
80.906394 83.832108 4
83.832108 86.664943 9
86.664943 89.474557 4
89.474557 95.221496 4
95.221496 97.938231 9
97.938231 100.829115 4
100.829115 103.743219 9
103.743219 106.703764 4
106.703764 109.548208 4
109.548208 112.462312 -1
112.462312 115.283537 0
115.283537 118.116371 7
118.116371 132.710113 4
132.710113 135.566167 7
135.566167 138.364172 9
138.364172 141.301496 4
141.301496 144.285260 9
144.285260 147.036825 4
147.036825 149.916099 9
149.916099 152.725714 4
152.725714 179.651257 4
179.651257 181.753347 156
181.753347 191.665578 52
191.665578 220.179682 4
220.179682 224.450347 156
224.450347 262.247019 4
262.247019 269.688163 156
