0.000000 0.421247 156
0.421247 1.213809 156
1.213809 5.137981 18
5.137981 9.224693 4
9.224693 11.244829 18
11.244829 13.276575 13
13.276575 15.343151 18
15.343151 17.398117 13
17.398117 19.476303 18
19.476303 21.577709 13
21.577709 23.621065 9
23.621065 25.676031 11
25.676031 29.878843 4
29.878843 31.968639 18
31.968639 34.000385 13
34.000385 36.101791 18
36.101791 38.203197 13
38.203197 40.292993 18
40.292993 42.359569 13
42.359569 44.484195 9
44.484195 46.573990 11
46.573990 50.800022 4
50.800022 52.947868 13
52.947868 55.072494 11
55.072494 57.150680 13
57.150680 59.286916 20
59.286916 61.330272 13
61.330272 63.420068 20
63.420068 67.646099 11
67.646099 69.805555 18
69.805555 71.930181 13
71.930181 73.996757 18
73.996757 76.109773 13
76.109773 78.234399 18
78.234399 80.347414 13
80.347414 82.472040 9
82.472040 84.585056 11
84.585056 88.787868 4
88.787868 90.958934 19
90.958934 92.979070 14
92.979070 95.184965 19
95.184965 97.286371 14
97.286371 99.422607 19
99.422607 101.535623 14
101.535623 103.683469 10
103.683469 105.808095 0
105.808095 110.080566 5
110.080566 112.228412 19
112.228412 114.306598 14
114.306598 116.454444 19
116.454444 118.532630 14
118.532630 120.657256 19
120.657256 122.735442 14
122.735442 124.906507 10
124.906507 127.031133 0
127.031133 131.280385 5
131.280385 135.622517 19
135.622517 139.813718 5
139.813718 144.121020 19
144.121020 147.149392 2
147.149392 151.092245 156
