0.000000 0.421247 156
0.421247 7.525011 156
7.525011 9.370997 2
9.370997 11.124104 7
11.124104 12.935260 2
12.935260 14.746417 7
14.746417 16.557573 2
16.557573 18.403560 7
18.403560 20.319206 2
20.319206 22.141972 7
22.141972 24.011179 23
24.011179 27.679931 7
27.679931 29.560748 2
29.560748 31.429954 7
31.429954 33.345600 2
33.345600 35.168367 7
35.168367 37.072403 2
37.072403 38.906779 7
38.906779 40.787596 23
40.787596 44.491179 7
44.491179 46.370976 2
46.370976 48.217981 7
48.217981 50.063968 23
50.063968 51.898344 7
51.898344 53.721111 23
53.721111 57.401473 4
57.401473 61.128276 9
61.128276 62.997482 2
62.997482 64.808639 7
64.808639 66.677845 2
66.677845 68.558662 7
68.558662 70.439478 23
70.439478 74.131451 7
74.131451 76.023877 2
76.023877 77.858253 7
77.858253 79.750680 2
79.750680 81.561836 7
81.561836 83.454262 2
83.454262 85.277029 7
85.277029 87.102483 23
87.102483 88.969002 7
88.969002 90.849818 7
90.849818 92.707414 2
92.707414 94.588231 7
94.588231 96.422607 23
96.422607 98.245374 7
98.245374 100.079750 23
100.079750 103.818163 16
103.818163 107.591405 9
107.591405 109.472222 2
109.472222 111.283378 7
111.283378 113.175804 2
113.175804 115.056621 7
115.056621 116.925827 23
116.925827 118.771813 7
118.771813 120.641020 7
120.641020 122.521836 2
122.521836 124.332993 7
124.332993 126.271859 2
126.271859 128.164285 7
128.164285 130.021882 2
130.021882 131.914308 7
131.914308 132.482322 2
132.482322 133.765212 -1
133.765212 135.567708 156
135.567708 139.240204 -1
139.240204 141.097800 2
141.097800 142.932176 55
142.932176 144.766553 2
144.766553 146.589319 55
146.589319 148.470135 2
148.470135 150.304512 7
150.304512 154.697143 156
