0.000000 10.109939 156
10.109939 11.787486 4
11.787486 16.706689 52
16.706689 18.420002 9
18.420002 20.046184 2
20.046184 21.722199 0
21.722199 23.417256 2
23.417256 25.112312 9
25.112312 26.760929 2
26.760929 28.432766 0
28.432766 30.127823 2
30.127823 31.799659 9
31.799659 33.471496 0
33.471496 36.803560 2
36.803560 38.730816 9
38.730816 38.928185 2
38.928185 39.148775 3
39.148775 40.135623 4
40.135623 41.865510 9
41.865510 43.514126 2
43.514126 45.220793 0
45.220793 46.904240 2
46.904240 48.622517 9
48.622517 50.282743 2
50.282743 52.001020 0
52.001020 53.696077 2
53.696077 55.367913 9
55.367913 57.074580 0
57.074580 62.891179 2
62.891179 65.006140 9
65.006140 65.369945 9
65.369945 65.810340 9
65.810340 66.212440 9
66.212440 69.520476 2
69.520476 71.679931 9
71.679931 72.097891 9
72.097891 72.504240 9
72.504240 72.922199 9
72.922199 73.781337 2
73.781337 74.582426 9
74.582426 75.418344 0
75.418344 76.300702 11
76.300702 77.949319 4
77.949319 79.690816 2
79.690816 81.607119 9
81.607119 81.817743 2
81.817743 82.047514 3
82.047514 83.034489 4
83.034489 84.717936 9
84.717936 86.436213 2
86.436213 88.108049 0
88.108049 89.826326 2
89.826326 91.498991 9
91.498991 93.170000 2
93.170000 94.865056 0
94.865056 96.560113 2
96.560113 98.231950 9
98.231950 99.938616 0
99.938616 101.564013 2
101.564013 103.282290 2
103.282290 104.954126 9
104.954126 105.395306 9
105.395306 105.824875 9
105.824875 106.208004 9
106.208004 106.625963 9
106.625963 110.027687 2
110.027687 112.152312 9
112.152312 112.593492 9
112.593492 113.023061 9
113.023061 113.430449 9
113.430449 114.276938 2
114.276938 115.147687 9
115.147687 115.995215 0
115.995215 116.831133 11
116.831133 118.514580 4
118.514580 120.209637 2
120.209637 122.125283 9
122.125283 122.322653 2
122.322653 122.554852 3
122.554852 123.588140 4
123.588140 125.294807 9
125.294807 126.978253 2
126.978253 128.673310 0
128.673310 130.403197 2
130.403197 132.075034 9
132.075034 133.770090 2
133.770090 135.476757 0
135.476757 137.218253 2
137.218253 138.913310 9
138.913310 140.619977 0
140.619977 142.315034 2
142.315034 143.975260 2
143.975260 145.890907 9
145.890907 146.115421 2
146.115421 146.320476 3
146.320476 147.307324 4
147.307324 160.315506 9
160.315506 163.317551 156
