0.000000 0.440395 156
0.440395 2.156928 5
2.156928 3.840375 0
3.840375 5.558652 5
5.558652 7.265318 10
7.265318 9.030035 7
9.030035 10.806361 0
10.806361 12.547858 5
12.547858 14.266135 10
14.266135 16.007631 7
16.007631 17.737518 0
17.737518 19.513844 5
19.513844 21.278561 53
21.278561 22.996837 10
22.996837 24.761554 22
24.761554 26.514661 5
26.514661 28.302597 22
28.302597 30.067314 5
30.067314 31.797200 0
31.797200 33.561917 5
33.561917 35.291803 10
35.291803 37.044910 7
37.044910 38.821237 0
38.821237 40.585953 5
40.585953 42.339060 10
42.339060 44.092166 7
44.092166 45.856883 0
45.856883 47.633209 5
47.633209 49.397926 53
49.397926 51.174252 10
51.174252 52.915749 22
52.915749 54.703686 5
54.703686 56.503232 22
56.503232 58.256339 5
58.256339 60.021055 8
60.021055 61.762552 5
61.762552 63.562098 8
63.562098 65.326815 5
65.326815 67.068311 10
67.068311 68.809808 19
68.809808 70.562915 7
70.562915 72.281191 0
72.281191 73.999468 5
73.999468 75.810624 10
75.810624 77.540511 7
77.540511 79.316837 0
79.316837 81.104774 5
81.104774 82.881101 10
82.881101 84.645817 7
84.645817 86.410534 0
86.410534 88.210080 5
88.210080 89.986407 53
89.986407 91.751123 10
91.751123 93.527450 22
93.527450 95.303776 5
95.303776 97.103323 22
97.103323 98.891259 5
98.891259 100.679196 8
100.679196 102.420692 5
102.420692 104.220239 8
104.220239 106.008175 5
106.008175 107.738062 10
107.738062 109.502779 19
109.502779 111.267495 7
111.267495 112.939332 0
112.939332 114.715658 5
114.715658 116.491985 10
116.491985 118.268311 7
118.268311 120.044638 0
120.044638 121.832574 5
121.832574 123.608901 10
123.608901 125.327178 7
125.327178 127.115114 0
127.115114 128.926271 5
128.926271 130.690987 53
130.690987 132.478924 10
132.478924 134.243640 22
134.243640 136.043187 5
136.043187 137.865953 22
137.865953 139.711940 5
139.711940 141.523096 8
141.523096 143.380692 5
143.380692 145.586588 8
145.586588 149.036710 5
149.036710 152.581224 156
