0.000000 0.382952 156
0.382952 7.796666 9
7.796666 15.238662 9
15.238662 18.907414 7
18.907414 30.018163 9
30.018163 33.686916 7
33.686916 37.436938 9
37.436938 39.259705 16
39.259705 42.951678 6
42.951678 44.855714 23
44.855714 46.724920 16
46.724920 48.617346 6
48.617346 50.498163 23
50.498163 52.355759 4
52.355759 59.937074 9
59.937074 63.687097 7
63.687097 67.437120 9
67.437120 74.960385 9
74.960385 78.698798 7
78.698798 82.448820 9
82.448820 90.030136 9
90.030136 93.814988 7
93.814988 97.611451 9
97.611451 99.515487 16
99.515487 103.311950 6
103.311950 105.262426 23
105.262426 107.178072 16
107.178072 109.047278 6
109.047278 110.962925 23
110.962925 112.901791 4
112.901791 120.575986 9
120.575986 124.384058 7
124.384058 128.215351 9
128.215351 135.843106 9
135.843106 139.624381 9
139.624381 143.856327 156
