0.000000 0.420489 156
0.420489 1.921537 9
1.921537 2.385936 2
2.385936 3.744303 4
3.744303 5.694779 9
5.694779 6.194008 2
6.194008 7.645256 4
7.645256 9.618952 9
9.618952 10.129791 7
10.129791 11.062412 2
11.062412 11.312776 2
11.312776 11.569428 9
11.569428 12.567886 23
12.567886 13.508294 2
13.508294 14.448702 4
14.448702 15.423940 9
15.423940 17.444076 9
17.444076 17.908476 2
17.908476 19.382943 4
19.382943 21.321809 9
21.321809 21.797818 7
21.797818 22.756186 2
22.756186 23.019645 2
23.019645 23.272285 9
23.272285 24.270743 23
24.270743 25.234371 2
25.234371 26.232829 4
26.232829 27.184847 9
27.184847 29.112104 9
29.112104 31.050970 7
31.050970 32.989836 7
32.989836 34.882262 9
34.882262 36.809519 9
36.809519 38.736775 7
38.736775 40.664031 7
40.664031 42.556457 9
42.556457 44.530154 9
44.530154 45.017773 2
45.017773 46.445800 4
46.445800 48.442716 9
48.442716 48.941945 7
48.941945 49.899886 2
49.899886 50.165672 2
50.165672 50.418143 9
50.418143 51.414870 23
51.414870 52.378498 2
52.378498 53.342126 4
53.342126 54.346294 9
54.346294 56.314280 9
56.314280 56.848339 2
56.848339 58.346027 4
58.346027 60.331333 9
60.331333 60.830562 7
60.830562 61.796236 2
61.796236 62.048724 2
62.048724 62.305029 9
62.305029 63.326707 23
63.326707 64.290335 2
64.290335 65.288793 4
65.288793 66.275641 9
66.275641 68.168067 9
68.168067 70.153373 7
70.153373 72.103850 7
72.103850 74.007886 9
74.007886 75.969972 9
75.969972 77.920448 7
77.920448 79.824485 7
79.824485 81.737345 9
81.737345 83.655777 9
83.655777 84.166616 2
84.166616 85.617863 4
85.617863 87.498680 9
87.498680 87.986299 7
87.986299 89.140901 2
89.140901 89.414326 9
89.414326 90.366344 23
90.366344 91.329972 2
91.329972 92.270380 4
92.270380 93.234008 9
93.234008 95.196095 9
95.196095 97.134961 7
97.134961 99.027387 7
99.027387 101.001083 9
101.001083 102.916729 9
102.916729 104.820766 7
104.820766 106.736412 7
106.736412 108.617228 9
108.617228 110.544485 9
110.544485 111.043714 2
111.043714 112.553011 4
112.553011 114.468657 9
114.468657 115.002716 2
115.002716 116.535233 4
116.535233 118.497319 9
118.497319 118.984938 2
118.984938 119.817442 4
119.817442 124.551837 156
