0.000000 0.060000 156
0.060000 2.282828 21
2.282828 4.303764 21
4.303764 6.451609 21
6.451609 8.541405 5
8.541405 10.689251 21
10.689251 12.767437 7
12.767437 14.868843 2
14.868843 16.993469 4
16.993469 19.129705 21
19.129705 21.242721 21
21.242721 23.320907 21
23.320907 25.477155 5
25.477155 27.616625 21
27.616625 29.729614 7
29.729614 31.912290 2
31.912290 34.025306 4
34.025306 36.126712 21
36.126712 38.193287 21
38.193287 40.225034 21
40.225034 42.309106 5
42.309106 44.448575 21
44.448575 46.529251 7
46.529251 48.640189 0
48.640189 50.732063 4
50.732063 52.798639 9
52.798639 54.971273 13
54.971273 57.045249 18
57.045249 59.162887 13
59.162887 63.419996 23
63.419996 64.511562 4
64.511562 65.559465 4
65.559465 66.544852 4
66.544852 67.655272 4
67.655272 69.714376 9
69.714376 71.846887 13
71.846887 73.928798 18
73.928798 76.060332 13
76.060332 80.302675 23
80.302675 81.312743 4
81.312743 82.380861 4
82.380861 83.414149 4
83.414149 84.509054 4
84.509054 86.572063 21
86.572063 88.657006 21
88.657006 90.716825 21
90.716825 92.771791 5
92.771791 94.873197 21
94.873197 97.009433 7
97.009433 99.180498 2
99.180498 101.281904 4
101.281904 103.313650 21
103.313650 105.445294 21
105.445294 107.516462 21
107.516462 109.594648 5
109.594648 111.661224 21
111.661224 113.716190 7
113.716190 115.805986 0
115.805986 117.826122 4
117.826122 119.881088 21
119.881088 121.936054 21
121.936054 124.002630 21
124.002630 126.057596 5
126.057596 128.100952 21
128.100952 130.121088 7
130.121088 132.176054 2
132.176054 134.196190 4
134.196190 136.262766 21
136.262766 138.340952 21
138.340952 140.419138 21
140.419138 142.427664 5
142.427664 144.529070 21
144.529070 146.607256 7
146.607256 148.649484 0
148.649484 150.679797 4
150.679797 152.772154 9
152.772154 154.871411 13
154.871411 156.945387 18
156.945387 159.018321 13
159.018321 163.197913 23
163.197913 164.219591 4
164.219591 165.287709 4
165.287709 166.320997 4
166.320997 167.293434 4
167.293434 169.389241 9
169.389241 171.485048 13
171.485048 173.565623 18
173.565623 175.678639 13
175.678639 179.858231 23
179.858231 180.914739 4
180.914739 181.936417 4
181.936417 183.004535 4
183.004535 183.991383 4
183.991383 186.068373 21
186.068373 188.112925 21
188.112925 190.128999 21
190.128999 192.199637 5
192.199637 194.298782 21
194.298782 196.394589 7
196.394589 198.480634 2
198.480634 200.547210 4
200.547210 202.578956 21
202.578956 204.734154 21
204.734154 206.793378 21
206.793378 208.882106 5
208.882106 210.949750 21
210.949750 213.051156 7
213.051156 215.164172 0
215.164172 217.230748 4
217.230748 219.285714 21
219.285714 221.317460 21
221.317460 223.430476 21
223.430476 225.450612 5
225.450612 227.505578 21
227.505578 229.583764 7
229.583764 231.661950 2
231.661950 233.658866 4
233.658866 235.806712 21
235.806712 237.815238 21
237.815238 239.881814 21
239.881814 241.948390 5
241.948390 243.956916 21
243.956916 246.035102 7
246.035102 248.101678 0
248.101678 250.133424 4
250.133424 252.188390 21
252.188390 254.269428 21
254.269428 256.343404 21
256.343404 258.376507 5
258.376507 260.431473 21
260.431473 262.556099 7
262.556099 264.599455 2
264.599455 266.607981 4
266.607981 268.697777 21
268.697777 270.741133 21
270.741133 272.807709 21
272.807709 274.804625 5
274.804625 276.894421 21
276.894421 278.926167 7
278.926167 281.039183 0
281.039183 283.216579 4
283.216579 285.309388 156
