0.000000 1.747868 156
1.747868 3.373265 2
3.373265 5.021882 0
5.021882 6.612448 7
6.612448 8.226235 9
8.226235 11.500249 0
11.500249 13.148866 2
13.148866 14.820251 2
14.820251 16.434489 31
16.434489 18.094716 19
18.094716 19.685283 2
19.685283 21.357120 50
21.357120 23.028956 31
23.028956 24.654353 19
24.654353 26.244920 2
26.244920 27.881927 50
27.881927 29.525617 31
29.525617 31.132721 19
31.132721 32.792947 2
32.792947 34.429954 50
34.429954 36.090181 31
36.090181 37.762018 19
37.762018 39.326077 2
39.326077 40.885102 50
40.885102 42.406009 31
42.406009 44.077084 19
44.077084 45.703242 2
45.703242 47.317029 2
47.317029 48.930816 31
48.930816 50.575235 19
50.575235 52.193219 2
52.193219 53.783786 2
53.783786 55.397573 0
55.397573 57.012083 7
57.012083 58.683197 2
58.683197 60.285374 2
60.285374 61.933990 31
61.933990 63.547777 19
63.547777 65.149954 2
65.149954 66.728911 2
66.728911 68.337824 31
68.337824 69.910045 19
69.910045 71.497180 2
71.497180 73.044739 2
73.044739 74.635306 31
74.635306 76.191043 19
76.191043 77.781609 2
77.781609 79.418616 2
79.418616 81.009183 31
81.009183 82.641090 19
82.641090 84.190317 2
84.190317 85.800446 2
85.800446 87.348231 31
87.348231 88.892358 19
88.892358 90.459705 2
90.459705 92.073492 2
92.073492 93.687278 31
93.687278 95.301065 19
95.301065 98.470589 2
98.470589 100.095986 0
100.095986 101.686553 7
101.686553 108.164920 2
108.164920 114.527188 2
114.527188 120.773356 2
120.773356 122.391531 5
122.391531 123.908049 8
123.908049 125.463786 7
125.463786 127.124013 2
127.124013 128.710242 2
128.710242 130.328367 31
130.328367 131.930544 19
131.930544 133.544331 2
133.544331 135.181337 2
135.181337 136.771387 31
136.771387 138.374081 19
138.374081 139.969038 2
139.969038 141.549355 2
141.549355 143.180612 31
143.180612 144.736793 19
144.736793 146.364340 2
146.364340 147.934444 2
147.934444 149.504548 31
149.504548 151.074652 19
151.074652 152.642743 2
152.642743 154.234008 2
154.234008 155.804112 31
155.804112 157.356394 19
157.356394 158.925173 2
158.925173 160.437834 2
160.437834 162.065381 31
162.065381 163.614172 19
163.614172 166.783696 2
166.783696 168.420702 0
168.420702 169.976439 7
169.976439 171.543449 2
171.543449 173.041473 2
173.041473 174.527551 31
174.527551 175.978798 19
175.978798 177.464875 2
177.464875 178.904512 2
178.904512 180.367369 31
180.367369 181.772176 19
181.772176 183.223424 2
183.223424 184.639841 2
184.639841 186.033038 31
186.033038 187.507505 19
187.507505 188.935532 2
188.935532 190.444829 2
190.444829 191.803197 31
191.803197 193.231224 19
193.231224 194.694081 2
194.694081 196.087278 2
196.087278 197.561746 31
197.561746 198.966553 19
198.966553 201.845827 2
201.845827 204.736712 2
204.736712 207.523106 31
207.523106 210.393952 19
210.393952 213.246825 2
213.246825 214.744512 0
214.744512 216.311859 7
216.311859 219.539433 2
219.539433 221.083560 2
221.083560 222.685736 110
222.685736 224.334353 2
224.334353 226.052630 0
226.052630 227.701247 7
227.701247 229.465963 9
229.465963 233.064724 0
233.064724 234.711418 2
234.711418 236.382041 156
