0.000000 0.433805 156
0.433805 1.421269 23
1.421269 9.107074 11
9.107074 19.602494 11
19.602494 22.168299 11
22.168299 24.838594 4
24.838594 26.162131 11
26.162131 27.450839 6
27.450839 30.028253 11
30.028253 40.546893 11
40.546893 43.252018 11
43.252018 45.875873 4
45.875873 47.211020 11
47.211020 48.488117 6
48.488117 51.111972 11
51.111972 53.747437 4
53.747437 56.394512 11
56.394512 59.041587 1
59.041587 61.688662 6
61.688662 64.370566 4
64.370566 66.994421 11
66.994421 69.560226 1
69.560226 70.906984 6
70.906984 72.218911 102
72.218911 82.749160 11
82.749160 85.431065 11
85.431065 87.985260 4
87.985260 89.285578 11
89.285578 90.597505 6
90.597505 93.128480 11
93.128480 106.247755 11
106.247755 108.883219 4
108.883219 110.218367 11
110.218367 111.530294 6
111.530294 114.130929 11
114.130929 116.778004 4
116.778004 119.436689 11
119.436689 122.118594 1
122.118594 124.754058 6
124.754058 127.389523 4
127.389523 130.106258 11
130.106258 132.706893 1
132.706893 135.330748 102
135.330748 146.058367 11
146.058367 148.635782 11
148.635782 151.259637 4
151.259637 152.583174 11
152.583174 153.929931 6
153.929931 155.218639 11
155.218639 156.565396 6
156.565396 157.900544 11
157.900544 159.154421 6
159.154421 161.101410 11
161.101410 161.580907 102
161.580907 164.969228 11
164.969228 169.468916 4
169.468916 175.516735 156
