0.000000 0.459543 156
0.459543 2.307948 7
2.307948 4.135884 16
4.135884 6.034751 7
6.034751 7.834297 16
7.834297 9.738333 2
9.738333 11.607540 7
11.607540 13.534796 2
13.534796 15.380782 7
15.380782 17.261599 16
17.261599 19.188855 7
19.188855 21.046451 16
21.046451 22.973708 2
22.973708 24.831304 21
24.831304 26.758560 2
26.758560 28.639376 21
28.639376 30.531803 23
30.531803 32.412619 7
32.412619 34.339875 16
34.339875 36.267132 21
36.267132 38.124728 90
38.124728 40.040374 23
40.040374 41.932801 50
41.932801 43.848447 16
43.848447 44.096949 16
44.096949 45.740873 156
45.740873 47.656519 21
47.656519 49.560556 23
49.560556 51.452982 7
51.452982 53.368628 16
53.368628 55.295884 21
55.295884 57.211531 21
57.211531 59.127177 23
59.127177 61.054433 50
61.054433 62.946859 16
62.946859 64.827676 156
64.827676 66.801372 7
66.801372 68.693798 16
68.693798 70.632664 7
70.632664 72.536701 16
72.536701 74.510397 2
74.510397 76.414433 7
76.414433 78.353299 2
78.353299 80.326996 7
80.326996 82.254252 16
82.254252 84.193118 7
84.193118 86.120374 16
86.120374 88.070850 2
88.070850 90.009717 21
90.009717 91.960193 2
91.960193 93.864229 21
93.864229 95.884365 23
95.884365 97.800011 7
97.800011 99.727268 16
99.727268 101.677744 21
101.677744 103.593390 21
103.593390 105.509036 23
105.509036 107.447903 50
107.447903 109.409989 16
109.409989 109.754107 16
109.754107 111.302415 156
111.302415 113.252891 7
113.252891 115.203367 16
115.203367 117.107404 7
117.107404 119.057880 16
119.057880 120.973526 7
120.973526 122.854342 16
122.854342 124.839649 7
124.839649 128.339592 156
