0.000000 1.620158 0
1.620158 4.476213 0
4.476213 10.234761 7
10.234761 13.055986 0
13.055986 15.865600 0
15.865600 18.768095 7
18.768095 21.635759 7
21.635759 23.110226 0
23.110226 24.491814 24
24.491814 27.371088 21
27.371088 28.427596 38
28.427596 30.261972 14
30.261972 33.059977 55
33.059977 34.058435 108
34.058435 35.892811 0
35.892811 38.714036 5
38.714036 39.770544 95
39.770544 41.523650 52
41.523650 44.414535 21
44.414535 47.375079 45
47.375079 48.338707 38
48.338707 50.219523 14
50.219523 53.005918 55
53.005918 54.132086 108
54.132086 55.827142 0
55.827142 58.706417 5
58.706417 59.704875 95
59.704875 61.516031 52
61.516031 64.476575 21
64.476575 65.216764 7
65.216764 66.901753 0
66.901753 67.297800 7
67.297800 70.099405 0
70.099405 75.761473 7
75.761473 78.524648 0
78.524648 81.357482 0
81.357482 84.167097 7
84.167097 86.999931 7
86.999931 88.126099 0
88.126099 89.855986 7
89.855986 92.607551 9
92.607551 93.687278 0
93.687278 95.417165 7
95.417165 96.888163 9
