0.000000 0.402100 156
0.402100 1.527278 14
1.527278 2.676666 14
2.676666 3.744784 14
3.744784 4.449630 14
4.449630 4.789682 14
4.789682 7.007188 52
7.007188 9.317573 58
9.317573 13.531995 105
13.531995 26.871859 21
26.871859 27.955512 21
27.955512 28.996485 0
28.996485 30.080897 -1
30.080897 31.121111 5
31.121111 31.620340 7
31.620340 32.189229 104
32.189229 35.155014 21
35.155014 36.380430 9
36.380430 48.698616 14
48.698616 49.662244 14
49.662244 50.695532 5
50.695532 51.717210 0
51.717210 52.750498 10
52.750498 53.110408 -1
53.110408 53.458707 -1
53.458707 53.818616 -1
53.818616 65.707233 52
65.707233 78.037029 21
78.037029 79.047097 21
79.047097 80.068775 0
80.068775 81.090453 -1
81.090453 82.135351 5
82.135351 82.588140 7
82.588140 83.087369 104
83.087369 85.991922 21
85.991922 87.185691 9
87.185691 99.445827 14
99.445827 100.479115 14
100.479115 101.477573 5
101.477573 102.522471 0
102.522471 103.567369 10
103.567369 103.880839 -1
103.880839 104.182698 -1
104.182698 104.589047 -1
104.589047 116.686643 52
116.686643 117.998571 14
117.998571 119.252448 14
119.252448 120.517936 14
120.517936 121.368424 14
121.368424 121.806643 14
121.806643 124.302789 52
124.302789 126.740884 58
126.740884 129.237029 105
129.237029 130.510118 14
130.510118 131.709954 14
131.709954 132.940612 14
132.940612 133.775520 14
133.775520 134.171269 14
134.171269 136.620975 52
136.620975 139.093900 58
139.093900 144.219808 105
144.219808 158.180702 21
158.180702 159.272040 21
159.272040 160.351768 0
160.351768 161.454716 -1
161.454716 162.464784 5
162.464784 162.964013 7
162.964013 163.532902 104
163.532902 165.645918 21
165.645918 167.758934 9
167.758934 180.564739 14
180.564739 181.656077 14
181.656077 182.735804 5
182.735804 183.780702 0
183.780702 184.848820 10
184.848820 185.185510 -1
185.185510 185.487369 -1
185.487369 185.870498 -1
185.870498 198.216071 52
198.216071 199.489002 14
199.489002 200.800929 14
200.800929 202.031587 14
202.031587 202.832675 14
202.832675 203.320294 14
203.320294 205.770000 52
205.770000 208.173265 58
208.173265 210.681020 105
210.681020 211.969727 14
211.969727 213.153945 14
213.153945 214.431043 14
214.431043 215.232131 14
215.232131 215.719750 14
215.719750 218.157845 52
218.157845 220.665600 58
220.665600 225.669501 105
225.669501 238.034126 21
238.034126 239.067414 21
239.067414 240.089092 0
240.089092 241.110770 -1
241.110770 242.155668 5
242.155668 242.654897 7
242.654897 243.165736 104
243.165736 247.206009 21
247.206009 259.535804 14
259.535804 260.545873 14
260.545873 261.602380 5
261.602380 262.682108 0
262.682108 263.680566 10
263.680566 264.028866 -1
264.028866 264.330725 -1
264.330725 264.658282 -1
264.658282 276.989344 52
276.989344 278.193038 14
278.193038 279.563015 14
279.563015 280.816893 14
280.816893 282.059160 14
282.059160 283.745369 52
283.745369 284.124864 -1
284.124864 284.520476 -1
284.520476 286.970181 58
286.970181 289.454716 105
289.454716 290.685374 14
290.685374 291.939251 14
291.939251 293.146689 14
293.146689 294.029047 14
294.029047 294.481836 14
294.481836 296.132470 52
296.132470 296.521695 -1
296.521695 296.908321 -1
296.908321 299.416077 58
299.416077 301.923832 105
301.923832 303.154489 14
303.154489 304.443197 14
304.443197 305.743514 14
305.743514 306.579433 14
306.579433 307.009002 14
307.009002 308.675260 52
308.675260 309.074216 -1
309.074216 309.505147 -1
309.505147 311.966462 58
311.966462 314.474217 105
314.474217 315.670045 14
315.670045 316.923922 14
316.923922 318.235850 14
318.235850 319.025328 14
319.025328 319.431678 14
319.431678 321.081822 52
321.081822 321.480778 -1
321.480778 321.881383 -1
321.881383 324.389138 58
324.389138 326.896893 105
326.896893 328.127551 14
328.127551 329.393038 14
329.393038 330.635306 14
330.635306 331.436394 14
331.436394 331.924013 14
331.924013 333.595421 52
333.595421 333.984647 -1
333.984647 334.373718 -1
334.373718 336.904693 58
336.904693 339.458888 105
339.458888 340.643106 14
340.643106 341.966643 14
341.966643 343.220521 14
343.220521 344.033219 14
344.033219 344.486009 14
344.486009 346.157673 52
346.157673 346.546899 -1
346.546899 346.970544 -1
346.970544 349.501519 58
349.501519 352.090544 105
352.090544 353.297981 14
353.297981 354.691179 14
354.691179 355.863786 14
355.863786 356.688095 14
356.688095 357.082834 14
357.082834 358.690734 52
358.690734 359.109151 -1
359.109151 359.497709 -1
359.497709 362.005464 58
362.005464 364.548049 105
364.548049 365.801927 14
365.801927 367.090634 14
367.090634 368.309682 14
368.309682 369.133990 14
369.133990 369.563560 14
369.563560 371.252986 52
371.252986 371.632480 -1
371.632480 372.059705 -1
372.059705 374.532630 58
374.532630 377.168095 105
377.168095 378.387142 14
378.387142 379.675850 14
379.675850 380.952947 14
380.952947 381.754036 14
381.754036 382.241655 14
382.241655 383.951467 52
383.951467 384.379615 -1
384.379615 384.795850 -1
384.795850 387.291995 58
387.291995 389.788140 105
389.788140 391.146507 14
391.146507 392.388775 14
392.388775 393.665873 14
393.665873 394.536621 14
394.536621 395.012630 14
395.012630 396.620756 52
396.620756 397.068365 -1
397.068365 397.439115 -1
397.439115 399.923650 58
399.923650 402.501065 105
402.501065 403.731723 14
403.731723 405.043650 14
405.043650 406.274308 14
406.274308 407.135657 14
407.135657 407.516575 14
407.516575 409.270584 52
409.270584 409.669540 -1
409.669540 410.059160 -1
410.059160 412.636575 58
412.636575 415.202380 105
415.202380 416.421428 14
416.421428 417.756575 14
417.756575 419.010453 14
419.010453 419.892811 14
419.892811 420.345600 14
420.345600 422.085832 52
422.085832 422.504250 -1
422.504250 422.911405 -1
422.911405 425.442380 58
425.442380 428.019795 105
428.019795 429.285283 14
429.285283 430.562380 14
430.562380 431.816258 14
431.816258 432.594126 14
432.594126 433.035306 14
433.035306 434.784313 52
434.784313 435.202731 -1
435.202731 435.624331 -1
435.624331 438.201746 58
438.201746 440.697891 105
440.697891 441.963378 14
441.963378 443.228866 14
443.228866 444.564013 14
444.564013 445.365102 14
445.365102 445.817891 14
445.817891 447.453602 52
447.453602 447.920673 -1
447.920673 448.360476 -1
448.360476 450.856621 58
450.856621 453.445646 105
453.445646 454.734353 14
454.734353 456.046281 14
456.046281 457.276938 14
457.276938 458.147687 14
458.147687 458.623696 14
458.623696 460.327235 52
460.327235 460.716460 -1
460.716460 461.131451 -1
461.131451 463.650816 58
463.650816 464.089225 9
464.089225 467.173878 156
