0.000000 1.110561 156
1.110561 2.584928 2
2.584928 4.020998 9
4.020998 9.787233 4
9.787233 12.724557 4
12.724557 14.140975 7
14.140975 15.592222 9
15.592222 18.483106 4
18.483106 19.911133 7
19.911133 21.330439 9
21.330439 24.218435 4
24.218435 25.669682 7
25.669682 27.109319 9
27.109319 29.965374 4
29.965374 31.439841 7
31.439841 32.879478 9
32.879478 34.307505 2
34.307505 35.781972 2
35.781972 37.291269 7
37.291269 38.719297 19
38.719297 40.182154 2
40.182154 41.645011 9
41.645011 44.443015 4
44.443015 45.824603 7
45.824603 47.229410 9
47.229410 50.050634 4
50.050634 51.443832 7
51.443832 52.883469 9
52.883469 55.716303 4
55.716303 57.213990 7
57.213990 58.618798 9
58.618798 61.416802 4
61.416802 62.902879 7
62.902879 64.319297 9
64.319297 65.816984 2
65.816984 67.279841 2
67.279841 68.765918 7
68.765918 70.228775 19
70.228775 71.680022 2
71.680022 73.084829 9
73.084829 75.894444 11
75.894444 78.773718 42
78.773718 81.641383 11
81.641383 83.963378 42
83.963378 84.474217 -1
84.474217 85.809365 9
85.809365 87.272222 11
87.272222 91.324104 4
91.324104 93.181700 7
93.181700 95.016077 9
95.016077 98.603560 4
98.603560 100.449546 7
100.449546 102.225873 9
102.225873 105.790136 4
105.790136 107.612902 7
107.612902 109.389229 9
109.389229 113.104421 4
113.104421 114.892358 7
114.892358 116.738344 9
116.738344 118.700430 2
118.700430 120.697346 2
120.697346 122.671043 7
122.671043 124.702789 10
124.702789 126.688095 2
126.688095 128.650181 9
128.650181 130.612267 2
130.612267 132.585963 2
132.585963 134.490000 7
134.490000 136.394036 10
136.394036 138.344512 2
138.344512 140.260158 9
140.260158 147.970332 2
147.970332 166.420413 14
166.420413 171.833469 156
