0.000000 0.402100 156
0.402100 8.435215 4
8.435215 9.886462 11
9.886462 12.452267 6
12.452267 13.961564 11
13.961564 16.504149 6
16.504149 20.544421 52
20.544421 21.612539 9
21.612539 22.622607 54
22.622607 24.631133 59
24.631133 26.651269 52
26.651269 28.741065 9
28.741065 29.751133 9
29.751133 30.761201 54
30.761201 32.804557 59
32.804557 34.847913 52
34.847913 36.902879 9
36.902879 38.447006 11
38.447006 41.001201 6
41.001201 42.533718 11
42.533718 45.076303 6
45.076303 49.163015 52
49.163015 50.184693 9
50.184693 51.229591 54
51.229591 53.238117 59
53.238117 55.258253 52
55.258253 57.359659 9
57.359659 58.392947 2
58.392947 59.391405 59
59.391405 61.516031 52
61.516031 63.629047 57
63.629047 65.695623 2
65.695623 67.274580 11
67.274580 69.805555 6
69.805555 71.384512 11
71.384512 73.869047 6
73.869047 78.002199 52
78.002199 79.035487 9
79.035487 80.068775 54
80.068775 82.065691 59
82.065691 84.120657 52
84.120657 86.210453 9
86.210453 87.255351 9
87.255351 88.288639 54
88.288639 90.308775 59
90.308775 92.340521 52
92.340521 94.465147 9
94.465147 96.009274 11
96.009274 98.551859 6
98.551859 100.095986 11
100.095986 102.626961 6
102.626961 106.202834 52
106.202834 107.735351 11
107.735351 110.208276 6
110.208276 111.740793 11
111.740793 114.260158 6
114.260158 117.731541 52
117.731541 125.455149 53
125.455149 129.776327 156
