0.000000 0.459543 156
0.459543 0.714724 71
0.714724 0.950652 -1
0.950652 1.168004 71
1.168004 3.082765 4
3.082765 4.952222 13
4.952222 6.833038 42
6.833038 8.771904 11
8.771904 10.583061 4
10.583061 12.405827 8
12.405827 14.228594 18
14.228594 16.097800 11
16.097800 17.850907 4
17.850907 19.685283 8
19.685283 21.496439 18
21.496439 23.330816 11
23.330816 25.165192 4
25.165192 26.964739 13
26.964739 28.764285 42
28.764285 30.552222 11
30.552222 32.386598 4
32.386598 34.209365 8
34.209365 36.008911 18
36.008911 37.820068 11
37.820068 39.608004 4
39.608004 41.407551 8
41.407551 43.183877 18
43.183877 45.087913 11
45.087913 46.887460 4
46.887460 48.733446 13
48.733446 50.521383 42
50.521383 52.344149 11
52.344149 54.190136 18
54.190136 55.943242 2
55.943242 57.824058 7
57.824058 59.611995 0
59.611995 63.245918 7
63.245918 65.045464 7
65.045464 66.833401 0
66.833401 68.679387 5
68.679387 70.478934 4
70.478934 72.278480 8
72.278480 74.043197 18
74.043197 75.947233 11
75.947233 77.746780 4
77.746780 79.569546 8
79.569546 81.357482 18
81.357482 83.215079 11
83.215079 85.072675 4
85.072675 86.930272 13
86.930272 88.718208 42
88.718208 90.552585 11
90.552585 92.340521 18
92.340521 94.140068 2
94.140068 95.997664 7
95.997664 97.808820 0
97.808820 101.407913 7
101.407913 103.253900 7
103.253900 105.007006 0
105.007006 106.852993 5
106.852993 108.675759 4
108.675759 110.498526 8
110.498526 112.321292 18
112.321292 114.144058 11
114.144058 115.943605 4
115.943605 117.812811 8
117.812811 119.612358 18
119.612358 121.469954 11
121.469954 123.269501 4
123.269501 125.138707 13
125.138707 126.949863 42
126.949863 128.819070 11
128.819070 130.688276 18
130.688276 131.570634 2
131.570634 132.476213 9
132.476213 135.890597 4
135.890597 140.460408 156
