0.000000 0.440395 156
0.440395 4.035034 62
4.035034 7.483197 62
7.483197 10.884920 67
10.884920 14.228594 2
14.228594 17.641927 67
17.641927 19.371814 16
19.371814 21.062372 9
21.062372 22.747362 62
22.747362 24.413204 47
24.413204 26.035941 16
26.035941 27.789047 9
27.789047 28.644826 14
28.644826 29.460884 19
29.460884 31.109501 14
31.109501 34.453174 10
34.453174 36.125011 0
36.125011 37.750408 0
37.750408 39.399024 14
39.399024 40.989591 38
40.989591 44.422458 62
44.422458 47.700158 62
47.700158 50.985782 67
50.985782 54.294625 2
54.294625 57.580249 67
57.580249 59.228866 16
59.228866 60.900702 9
60.900702 62.537709 62
62.537709 64.255986 47
64.255986 65.927823 16
65.927823 67.622879 9
67.622879 68.414415 14
68.414415 69.259886 19
69.259886 70.885283 14
70.885283 74.228956 10
74.228956 75.889183 0
75.889183 77.537800 0
77.537800 79.198027 14
79.198027 80.688034 38
80.688034 83.992947 62
83.992947 84.770816 62
84.770816 85.606734 62
85.606734 86.419433 62
86.419433 87.266961 62
87.266961 88.102879 67
88.102879 88.938798 67
88.938798 89.739886 67
89.739886 90.564195 67
90.564195 91.376893 2
91.376893 92.236031 2
92.236031 93.106780 2
93.106780 93.919478 2
93.919478 94.720566 67
94.720566 95.556485 67
95.556485 96.404013 67
96.404013 97.193492 67
97.193492 98.876938 16
98.876938 100.630045 9
100.630045 102.220612 62
102.220612 103.892448 47
103.892448 105.587505 16
105.587505 107.236122 9
107.236122 108.069118 14
108.069118 108.919569 19
108.919569 110.591405 14
110.591405 113.958299 10
113.958299 115.630136 0
115.630136 117.220702 0
117.220702 118.880929 14
118.880929 120.425056 38
120.425056 123.733900 62
123.733900 124.534988 62
124.534988 125.382517 62
125.382517 126.195215 62
126.195215 127.042743 62
127.042743 127.878662 67
127.878662 128.679750 67
128.679750 129.550498 67
129.550498 130.363197 67
130.363197 131.210725 2
131.210725 132.011814 2
132.011814 132.801292 2
132.801292 133.660430 2
133.660430 134.484739 67
134.484739 137.004104 67
137.004104 138.652721 16
138.652721 140.312947 9
140.312947 141.938344 62
141.938344 143.633401 47
143.633401 145.293628 16
145.293628 146.919024 9
146.919024 147.742968 14
147.742968 148.602471 19
148.602471 150.262698 14
150.262698 153.571541 10
153.571541 155.173718 0
155.173718 156.741065 0
156.741065 158.366462 14
158.366462 159.980249 38
159.980249 163.323922 62
163.323922 164.136621 62
164.136621 164.960929 62
164.960929 165.773628 62
165.773628 166.679206 62
166.679206 167.503514 67
167.503514 168.327823 67
168.327823 169.117301 67
169.117301 169.953219 67
169.953219 170.777528 2
170.777528 171.636666 2
171.636666 172.437755 2
172.437755 173.262063 2
173.262063 174.028321 67
174.028321 174.933900 67
174.933900 175.734988 67
175.734988 180.192653 156
