0.000000 0.497838 156
0.497838 3.504013 16
3.504013 4.586464 21
4.586464 6.989730 16
6.989730 9.985104 7
9.985104 11.277943 5
11.277943 14.954174 11
14.954174 15.952633 4
15.952633 16.463472 20
16.463472 16.939480 19
16.939480 17.856669 18
17.856669 18.831908 11
18.831908 19.795536 4
19.795536 20.306375 20
20.306375 20.805604 19
20.805604 21.769232 18
21.769232 22.732860 11
22.732860 23.684877 4
23.684877 24.160887 20
24.160887 24.636895 19
24.636895 25.623744 18
25.623744 26.540933 72
26.540933 27.492950 4
27.492950 27.992179 20
27.992179 28.479798 19
28.479798 29.455036 18
29.455036 30.453494 59
30.453494 31.393902 4
31.393902 31.869912 20
31.869912 32.357530 19
32.357530 33.344378 18
33.344378 34.308006 11
34.308006 36.246873 9
36.246873 38.139299 11
38.139299 40.008506 13
40.008506 41.041794 18
41.041794 41.982202 11
41.982202 42.934220 4
42.934220 43.445060 20
43.445060 43.932678 7
43.932678 44.873087 18
44.873087 45.836715 11
45.836715 46.753902 4
46.753902 47.241521 20
47.241521 47.729141 19
47.729141 48.704378 18
48.704378 49.656397 11
49.656397 50.666464 4
50.666464 51.119255 20
51.119255 51.606873 19
51.606873 52.593722 18
52.593722 53.522520 72
53.522520 54.497757 4
54.497757 54.985377 20
54.985377 55.461385 19
55.461385 56.448234 18
56.448234 57.411862 11
57.411862 58.352269 4
58.352269 58.828279 20
58.828279 59.327508 19
59.327508 60.302747 18
60.302747 61.289594 11
61.289594 63.240071 9
63.240071 65.144106 11
65.144106 67.071362 13
67.071362 68.046601 18
68.046601 69.021840 11
69.021840 69.984519 9
69.984519 70.972315 18
70.972315 71.912724 13
71.912724 72.841522 23
72.841522 73.816759 9
73.816759 74.780387 18
74.780387 75.720796 13
75.720796 76.672814 23
76.672814 78.623290 18
78.623290 80.469276 11
80.469276 81.432904 4
81.432904 81.920523 20
81.920523 82.408143 19
82.408143 83.360161 18
83.360161 84.312180 59
84.312180 85.264197 4
85.264197 85.716986 20
85.716986 86.239436 19
86.239436 87.214673 18
87.214673 88.166692 11
88.166692 89.107099 4
89.107099 89.583108 20
89.583108 90.059119 19
90.059119 91.034356 18
91.034356 92.009594 72
92.009594 92.938392 4
92.938392 93.414402 20
93.414402 93.890410 19
93.890410 94.888868 18
94.888868 95.840887 11
95.840887 96.827734 4
96.827734 97.280523 20
97.280523 97.768143 19
97.768143 98.754991 18
98.754991 99.753449 11
99.753449 101.715535 9
101.715535 103.619571 11
103.619571 105.546827 13
105.546827 106.510455 18
106.510455 107.497303 11
107.497303 109.424561 13
109.424561 110.388189 18
110.388189 111.340206 11
111.340206 113.302292 13
113.302292 114.254310 18
114.254310 115.264378 11
115.264378 119.353469 156
