0.000000 1.053119 156
1.053119 3.593854 23
3.593854 6.090000 7
6.090000 8.655804 4
8.655804 11.140340 9
11.140340 13.659705 9
13.659705 16.109410 13
16.109410 18.686825 18
18.686825 19.371814 2
19.371814 19.987142 7
19.987142 21.252630 9
21.252630 23.760385 9
23.760385 26.256530 13
26.256530 28.764285 18
28.764285 29.391224 2
29.391224 29.994943 7
29.994943 31.213990 9
31.213990 36.217891 23
36.217891 41.256621 7
41.256621 46.365011 4
46.365011 48.895986 9
48.895986 51.392131 9
51.392131 53.946326 9
53.946326 56.488911 13
56.488911 59.008276 18
59.008276 59.658435 2
59.658435 60.273764 7
60.273764 61.527641 9
61.527641 64.139886 9
64.139886 66.647641 13
66.647641 69.143786 18
69.143786 69.747505 2
69.747505 70.339614 7
70.339614 71.535442 9
71.535442 76.597392 23
76.597392 81.705782 7
81.705782 86.767732 4
86.767732 89.170425 9
89.170425 91.864512 9
91.864512 94.337437 9
94.337437 96.880022 13
96.880022 99.399387 18
99.399387 100.049546 2
100.049546 100.653265 7
100.653265 101.976802 9
101.976802 104.530997 9
104.530997 107.131632 13
107.131632 109.720657 18
109.720657 110.335986 2
110.335986 110.974535 7
110.974535 112.170362 9
112.170362 117.220702 23
117.220702 122.259433 7
122.259433 127.391043 4
127.391043 129.933628 9
129.933628 132.464603 18
132.464603 133.718480 9
133.718480 136.943715 69
136.943715 141.087347 156
