0.000000 0.440395 156
0.440395 1.654988 156
1.654988 3.117845 23
3.117845 4.963832 2
4.963832 8.319115 9
8.319115 9.979342 23
9.979342 10.861700 7
10.861700 11.697619 9
11.697619 15.029682 2
15.029682 16.701519 2
16.701519 18.373356 18
18.373356 20.080022 23
20.080022 21.740249 19
21.740249 23.446916 2
23.446916 25.083922 9
25.083922 26.767369 2
26.767369 28.474036 18
28.474036 30.134263 23
30.134263 31.806099 19
31.806099 33.477936 2
33.477936 35.138163 9
35.138163 38.528276 2
38.528276 40.084013 23
40.084013 41.930000 2
41.930000 45.320113 9
45.320113 47.003560 23
47.003560 47.885918 7
47.885918 48.721836 9
48.721836 52.111950 2
52.111950 53.830226 2
53.830226 55.536893 18
55.536893 57.243560 23
57.243560 58.915396 19
58.915396 60.610453 2
60.610453 62.282290 9
62.282290 63.977346 2
63.977346 65.684013 18
65.684013 67.390680 23
67.390680 69.132176 19
69.132176 70.792403 2
70.792403 72.475850 9
72.475850 74.205736 2
74.205736 75.958843 2
75.958843 77.421700 23
77.421700 79.337346 2
79.337346 82.681020 9
82.681020 84.387687 23
84.387687 85.304875 7
85.304875 86.140793 9
86.140793 89.554126 2
89.554126 90.424875 57
90.424875 91.284013 23
91.284013 93.013900 57
93.013900 93.849818 57
93.849818 94.685736 23
94.685736 95.846734 57
95.846734 96.067324 9
96.067324 96.357573 8
96.357573 97.495351 7
97.495351 97.762380 7
97.762380 98.052630 8
98.052630 99.178798 9
99.178798 99.480657 9
99.480657 99.782517 8
99.782517 101.512403 7
101.512403 103.219070 9
103.219070 106.644013 2
106.644013 108.153310 23
108.153310 110.057346 2
110.057346 113.517120 9
113.517120 115.247006 23
115.247006 116.117755 7
116.117755 116.976893 9
116.976893 118.730000 2
118.730000 120.413446 2
120.413446 122.131723 7
122.131723 123.826780 9
123.826780 129.016604 2
129.016604 133.407347 156
