0.000000 0.410050 156
0.410050 1.797868 5
1.797868 3.086575 21
3.086575 4.537823 93
4.537823 5.222811 3
5.222811 5.907800 153
5.907800 7.324217 19
7.324217 8.624535 5
8.624535 9.297913 3
9.297913 10.040952 10
10.040952 15.172562 10
15.172562 20.350612 17
20.350612 25.609931 55
25.609931 26.991519 3
26.991519 29.719863 7
29.719863 31.856099 3
31.856099 34.255076 10
34.255076 35.722222 5
35.722222 37.045759 29
37.045759 38.984625 53
38.984625 39.646394 90
39.646394 40.958321 19
40.958321 42.305079 5
42.305079 44.917324 3
44.917324 46.229251 3
46.229251 47.564399 5
47.564399 48.272607 10
48.272607 48.887936 5
48.887936 49.584535 19
49.584535 50.246303 5
50.246303 51.593061 3
51.593061 52.928208 5
52.928208 54.309795 3
54.309795 55.621723 10
55.621723 60.672063 10
60.672063 64.340816 17
64.340816 65.559863 17
65.559863 70.343174 86
70.343174 71.202312 3
71.202312 71.550612 5
71.550612 73.977097 7
73.977097 75.869523 3
75.869523 80.861814 10
80.861814 82.359501 5
82.359501 83.590158 21
83.590158 84.762766 53
84.762766 85.412925 3
85.412925 86.016643 87
86.016643 87.421451 19
87.421451 88.686938 19
88.686938 89.993773 3
89.993773 90.602585 3
90.602585 91.159863 -1
91.159863 92.436961 3
92.436961 93.785000 5
93.785000 95.060816 10
95.060816 95.710975 3
95.710975 96.326303 3
96.326303 97.510521 3
97.510521 98.776009 5
98.776009 99.971836 3
99.971836 101.225714 10
101.225714 106.229614 10
106.229614 109.840317 17
109.840317 111.012925 17
111.012925 115.831065 86
115.831065 116.713424 3
116.713424 117.061723 5
117.061723 119.430158 7
119.430158 121.357414 3
121.357414 126.500634 10
126.500634 127.905442 5
127.905442 129.159319 21
129.159319 130.448027 93
130.448027 131.063356 3
131.063356 131.678684 87
131.678684 133.048662 19
133.048662 134.325759 19
134.325759 135.602857 3
135.602857 136.183356 -1
136.183356 136.810294 -1
136.810294 138.133832 3
138.133832 139.387709 5
139.387709 140.606757 10
140.606757 141.303356 -1
141.303356 141.907074 -1
141.907074 143.126122 3
143.126122 144.368390 5
144.368390 145.552607 3
145.552607 146.736825 10
146.736825 151.903265 10
151.903265 155.293378 17
155.293378 156.825895 41
156.825895 161.655646 7
161.655646 162.596054 3
162.596054 162.921133 5
162.921133 165.405668 7
165.405668 167.367755 3
167.367755 168.540362 10
168.540362 169.817460 19
169.817460 171.791156 3
171.791156 173.555873 10
173.555873 174.531111 3
174.531111 175.564399 5
175.564399 178.048934 3
178.048934 180.487029 10
180.487029 183.414968 10
183.414968 214.155674 10
214.155674 221.805928 156
221.805928 228.526740 -1
228.526740 230.728715 10
230.728715 235.036927 156
235.036927 244.859652 10
244.859652 250.514286 156
