0.000000 0.459543 156
0.459543 1.187152 156
1.187152 3.142662 21
3.142662 5.069918 2
5.069918 7.043615 7
7.043615 9.133411 7
9.133411 11.095497 21
11.095497 13.080803 2
13.080803 15.019668 7
15.019668 16.993365 7
16.993365 18.967060 21
18.967060 20.940758 2
20.940758 22.879624 7
22.879624 23.460123 7
23.460123 23.936132 7
23.936132 24.400531 21
24.400531 24.911369 7
24.911369 26.885065 0
26.885065 28.847151 12
28.847151 30.797628 7
30.797628 31.296857 7
31.296857 31.761256 7
31.761256 32.248874 21
32.248874 32.748103 7
32.748103 34.733411 0
34.733411 36.718716 12
36.718716 38.727243 9
38.727243 40.700939 2
40.700939 42.744294 2
42.744294 44.706380 21
44.706380 46.703296 2
46.703296 50.673908 7
50.673908 52.647605 21
52.647605 54.609691 2
54.609691 56.571777 7
56.571777 57.082617 7
57.082617 57.581846 7
57.581846 58.046245 21
58.046245 58.557084 7
58.557084 60.554000 0
60.554000 62.562526 12
62.562526 64.547832 7
64.547832 65.058671 7
65.058671 65.534680 7
65.534680 66.010689 21
66.010689 66.521528 7
66.521528 68.530055 0
68.530055 70.538581 12
70.538581 72.523887 9
72.523887 74.509192 2
74.509192 76.540939 2
76.540939 78.526245 21
78.526245 80.534771 2
80.534771 84.447333 7
84.447333 86.479079 21
86.479079 88.452776 2
88.452776 90.403252 7
90.403252 90.983750 7
90.983750 91.424930 7
91.424930 91.900939 21
91.900939 92.400168 7
92.400168 94.431914 0
94.431914 96.417220 12
96.417220 98.425746 7
98.425746 98.913365 7
98.913365 99.400984 7
99.400984 99.888603 21
99.888603 100.376221 7
100.376221 102.384748 0
102.384748 104.370055 12
104.370055 106.366971 9
106.366971 108.340666 2
108.340666 110.372413 2
110.372413 112.380938 21
112.380938 114.343024 2
114.343024 116.305110 7
116.305110 118.267196 7
118.267196 120.275723 21
120.275723 122.237809 2
122.237809 124.199896 7
124.199896 126.196812 7
126.196812 128.158897 21
128.158897 130.155813 2
130.155813 132.117899 7
132.117899 134.068376 7
134.068376 136.076902 21
136.076902 138.027378 2
138.027378 140.001074 7
140.001074 140.524319 7
140.524319 141.034362 2
141.034362 143.932593 67
143.932593 147.670204 156
