0.000000 0.442301 156
0.442301 7.705280 52
7.705280 10.549725 9
10.549725 13.370949 4
13.370949 14.752537 59
14.752537 16.192174 9
16.192174 18.932128 4
18.932128 24.632627 52
24.632627 27.488682 9
27.488682 30.298296 4
30.298296 31.714713 59
31.714713 33.107911 9
33.107911 35.882695 4
35.882695 38.634260 4
38.634260 41.478704 4
41.478704 44.311539 9
44.311539 47.109543 4
47.109543 48.491131 59
48.491131 49.919158 9
49.919158 52.728772 4
52.728772 58.382831 52
58.382831 61.157616 9
61.157616 64.036890 4
64.036890 65.418478 59
65.418478 66.858115 9
66.858115 69.621289 4
69.621289 72.396074 52
72.396074 75.182469 52
75.182469 78.026913 57
78.026913 80.836527 52
80.836527 82.264555 59
82.264555 83.669362 57
83.669362 85.039339 4
85.039339 86.432537 4
86.432537 89.242151 52
89.242151 92.121425 52
92.121425 94.942650 57
94.942650 97.775484 4
97.775484 99.215122 59
99.215122 100.585099 9
100.585099 103.394713 52
103.394713 109.013942 52
109.013942 111.858387 9
111.858387 114.691221 4
114.691221 116.107639 59
116.107639 117.489226 9
117.489226 120.322060 4
120.322060 125.918069 52
125.918069 128.785734 9
128.785734 131.595348 4
131.595348 133.034986 59
133.034986 134.486233 9
134.486233 135.949090 4
135.949090 136.489038 59
136.489038 136.970768 4
136.970768 139.699113 52
139.699113 142.630556 52
142.630556 143.751837 156
