0.000000 0.497838 156
0.497838 7.692176 4
7.692176 14.936802 4
14.936802 16.759569 18
16.759569 18.559115 9
18.559115 22.216258 4
22.216258 29.414444 4
29.414444 31.190770 18
31.190770 32.990317 9
32.990317 36.647460 4
36.647460 38.435396 20
38.435396 40.200113 103
40.200113 42.046099 11
42.046099 43.834036 89
43.834036 45.645192 4
45.645192 49.255895 18
49.255895 51.090272 11
51.090272 58.300068 4
58.300068 60.099614 18
60.099614 61.887551 9
61.887551 65.533083 4
65.533083 67.332630 20
67.332630 69.132176 103
69.132176 70.966553 11
70.966553 72.754489 89
72.754489 74.612086 4
74.612086 78.222789 18
78.222789 80.022335 11
80.022335 80.962743 4
80.962743 81.891541 4
81.891541 82.808730 4
82.808730 83.702698 4
83.702698 87.290181 4
87.290181 89.089727 18
89.089727 90.889274 9
90.889274 94.511587 4
94.511587 101.651723 4
101.651723 103.462879 18
103.462879 105.227596 9
105.227596 108.896349 4
108.896349 114.294988 4
114.294988 117.719931 9
117.719931 121.756735 156
