0.000000 0.440395 156
0.440395 1.900495 4
1.900495 3.398182 4
3.398182 4.837819 4
4.837819 7.659045 4
7.659045 10.526708 4
10.526708 13.405983 0
13.405983 16.320087 4
16.320087 19.199361 0
19.199361 22.125076 59
22.125076 25.015960 4
25.015960 30.820949 4
30.820949 33.711833 9
33.711833 36.625937 4
36.625937 39.516821 59
39.516821 42.407706 4
42.407706 45.368251 4
45.368251 48.259135 0
48.259135 51.138410 4
51.138410 54.075733 0
54.075733 57.001447 59
57.001447 59.927161 4
59.927161 65.836641 4
65.836641 68.715914 9
68.715914 71.630020 4
71.630020 74.590564 59
74.590564 77.504667 4
77.504667 80.465211 4
80.465211 83.390927 0
83.390927 86.339861 4
86.339861 88.021569 0
88.021569 89.277185 11
89.277185 92.226118 4
92.226118 95.186663 4
95.186663 98.135598 9
98.135598 101.084531 4
101.084531 104.068296 59
104.068296 106.959181 4
106.959181 109.931335 4
109.931335 112.880268 0
112.880268 115.829202 4
115.829202 118.801356 0
118.801356 121.738681 59
121.738681 124.722446 4
124.722446 127.694600 4
127.694600 130.620314 4
130.620314 133.546029 9
133.546029 136.564623 4
136.564623 139.525167 59
139.525167 142.508930 4
142.508930 145.504304 4
145.504304 148.406800 0
148.406800 151.367344 4
151.367344 152.663904 0
152.663904 154.293058 59
154.293058 157.265211 4
157.265211 160.190926 4
160.190926 163.151470 9
163.151470 166.112014 4
166.112014 169.060948 59
169.060948 170.624363 4
170.624363 171.232014 59
171.232014 171.677482 4
171.677482 176.119728 4
176.119728 179.617959 156
