0.000000 1.665842 156
1.665842 22.268672 0
22.268672 24.259614 147
24.259614 28.172176 0
28.172176 30.645102 147
30.645102 34.662154 0
34.662154 43.543786 147
43.543786 48.941294 0
48.941294 68.548448 0
68.548448 70.548594 147
70.548594 74.182517 0
74.182517 76.272312 147
76.272312 79.826391 0
79.826391 87.661700 147
87.661700 110.902964 0
110.902964 112.739251 147
112.739251 116.222244 0
116.222244 118.300430 147
118.300430 121.713764 0
121.713764 129.120929 147
129.120929 133.765212 0
133.765212 231.992457 0
231.992457 236.721633 156
