0.000000 0.536133 156
0.536133 3.395730 2
3.395730 6.193734 16
6.193734 7.598542 23
7.598542 9.038179 9
9.038179 10.454596 7
10.454596 11.871013 4
11.871013 13.322260 23
13.322260 14.692238 9
14.692238 17.548292 7
17.548292 18.964709 16
18.964709 20.381127 9
20.381127 21.820764 16
21.820764 23.202351 16
23.202351 24.618768 23
24.618768 26.046796 9
26.046796 27.428383 7
27.428383 28.856410 4
28.856410 30.237997 23
30.237997 31.642805 9
31.642805 33.036002 7
33.036002 34.487249 7
34.487249 35.880446 16
35.880446 37.262034 9
37.262034 38.655231 16
38.655231 40.083258 16
40.083258 42.858043 2
42.858043 45.621217 16
45.621217 48.407612 2
48.407612 51.217226 16
51.217226 54.026841 23
54.026841 56.848065 21
56.848065 59.611240 0
59.611240 61.062487 16
61.062487 62.444074 16
62.444074 63.860492 23
63.860492 65.265299 9
65.265299 66.635276 7
66.635276 68.051694 4
68.051694 69.433281 23
69.433281 70.884528 9
70.884528 72.242895 7
72.242895 73.717362 7
73.717362 75.133780 16
75.133780 76.538587 9
76.538587 77.920174 16
77.920174 79.278542 16
79.278542 80.648519 23
80.648519 82.041716 9
82.041716 83.434913 7
83.434913 84.828111 4
84.828111 86.209698 23
86.209698 87.626115 9
87.626115 89.007703 7
89.007703 90.435730 7
90.435730 91.840537 16
91.840537 93.268564 9
93.268564 94.684981 16
94.684981 96.066569 16
96.066569 98.852963 2
98.852963 101.662578 16
101.662578 104.390923 2
104.390923 107.212147 16
107.212147 110.021762 23
110.021762 112.854596 21
112.854596 115.617771 0
115.617771 118.415775 16
118.415775 119.832192 23
119.832192 121.225390 9
121.225390 122.641807 7
122.641807 124.069834 4
124.069834 125.428201 23
125.428201 126.856229 9
126.856229 128.272646 7
128.272646 129.689063 7
129.689063 131.105480 16
131.105480 132.510288 9
132.510288 133.726917 16
133.726917 135.366342 9
135.366342 136.484173 16
136.484173 138.187567 9
138.187567 139.360174 16
139.360174 140.904301 9
140.904301 142.134959 16
142.134959 144.181512 9
144.181512 149.394286 156
