0.000000 0.444363 156
0.444363 0.866546 11
0.866546 7.646772 4
7.646772 11.013666 4
11.013666 11.872804 9
11.872804 12.917702 4
12.917702 13.393711 7
13.393711 13.846500 9
13.846500 14.450219 11
14.450219 17.886772 4
17.886772 18.745911 9
18.745911 21.381376 4
21.381376 23.088042 9
23.088042 24.806319 18
24.806319 26.512986 13
26.512986 28.208042 9
28.208042 29.903099 4
29.903099 30.773847 9
30.773847 31.644596 11
31.644596 33.386092 4
33.386092 34.256840 9
34.256840 35.150809 11
35.150809 38.529312 4
38.529312 39.376840 9
39.376840 40.479788 4
40.479788 40.932149 7
40.932149 41.434147 9
41.434147 42.012305 11
42.012305 45.448859 4
45.448859 46.319607 9
46.319607 48.897022 4
48.897022 50.615298 9
50.615298 52.287135 18
52.287135 54.017022 13
54.017022 55.735298 9
55.735298 57.465185 4
57.465185 58.359153 9
58.359153 59.229902 11
59.229902 60.971398 4
60.971398 62.631625 4
62.631625 64.407952 9
64.407952 66.137838 11
66.137838 69.609221 4
69.609221 71.327498 9
71.327498 73.080605 11
73.080605 74.822101 4
74.822101 75.727679 9
75.727679 76.633258 11
76.633258 78.386364 4
78.386364 79.257113 9
79.257113 80.139471 11
80.139471 83.634074 4
83.634074 84.458382 9
84.458382 85.340741 4
85.340741 85.906025 7
85.906025 86.498126 9
86.498126 87.105457 11
87.105457 90.553620 4
90.553620 91.424369 9
91.424369 94.059834 4
94.059834 95.801330 9
95.801330 97.531217 18
97.531217 99.226274 13
99.226274 100.944550 9
100.944550 102.697657 4
102.697657 103.614845 9
103.614845 104.473983 11
104.473983 106.215480 4
106.215480 107.097838 9
107.097838 107.980196 11
107.980196 109.721693 4
109.721693 110.569221 9
110.569221 111.474800 11
111.474800 112.391988 4
112.391988 113.262736 7
113.262736 114.121874 0
114.121874 114.992623 11
114.992623 119.398306 4
119.398306 123.376327 156
