0.000000 1.646695 4
1.646695 3.036575 4
3.036575 4.441383 4
4.441383 5.915850 4
5.915850 8.899614 9
8.899614 11.860158 2
11.860158 14.867142 9
14.867142 17.734807 2
17.734807 20.672131 9
20.672131 23.621065 2
23.621065 26.570000 2
26.570000 29.530544 9
29.530544 30.272373 14
30.272373 31.038278 14
31.038278 31.785035 14
31.785035 32.512644 14
32.512644 35.451632 9
35.451632 36.150690 14
36.150690 36.929205 14
36.929205 37.682499 14
37.682499 38.354126 14
38.354126 41.361111 7
41.361111 42.475668 0
42.475668 43.567006 0
43.567006 44.263605 0
44.263605 47.270589 7
47.270589 48.419977 0
48.419977 51.659160 9
51.659160 54.666145 2
54.666145 57.684739 9
57.684739 60.691723 2
60.691723 63.629047 9
63.629047 66.612811 2
66.612811 69.584965 2
69.584965 72.499070 9
72.499070 75.517664 2
75.517664 78.478208 9
78.478208 81.450362 2
81.450362 84.387687 9
84.387687 87.371451 2
87.371451 90.331995 2
90.331995 93.292539 9
93.292539 94.090972 14
94.090972 94.800886 14
94.800886 95.524453 14
95.524453 96.287913 14
96.287913 99.329727 9
99.329727 100.084376 14
100.084376 100.850634 14
100.850634 101.524013 14
101.524013 102.255442 14
102.255442 105.262426 7
105.262426 106.376984 0
106.376984 107.479931 0
107.479931 108.246190 0
108.246190 111.241564 7
111.241564 112.379342 0
112.379342 116.781281 9
116.781281 117.733878 156
